5.726990021702642508e+01
6.608649699436172398e+01
6.626990021702643219e+01
5.723794861721982130e+01
9.478506424239101591e+01
9.485250552318655082e+01
5.724742736117436692e+01
6.611667761151171874e+01
3.921003982910274743e+01
7.517991706964764376e+01
6.622234767677734624e+01
5.728626719449063387e+01
7.526990021702643219e+01
5.708649699436173108e+01
5.726990021702642508e+01
7.501354799471556589e+01
7.517991706964764376e+01
7.521617481767026447e+01
6.612226421822036571e+01
6.611946701359930501e+01
5.726020708782076696e+01
6.601354799471556589e+01
5.726020708782076696e+01
5.706510580438040847e+01
5.714779752022552373e+01
5.760183729848224488e+01
9.478506424239101591e+01
5.711667761151171874e+01
5.713921377653413458e+01
6.562157381634841613e+01
6.626990021702643219e+01
9.494375419465168875e+01
7.526990021702643219e+01
4.801354799471556589e+01
5.719788162462293712e+01
6.680150296873416949e+01
6.626020708782075985e+01
7.522855887686998244e+01
5.726990021702642508e+01
9.478506424239101591e+01
5.718885900702329650e+01
7.519788162462293712e+01
4.801354799471556589e+01
5.719788162462293712e+01
7.526990021702643219e+01
9.482385026742616674e+01
4.801354799471556589e+01
4.797172147976930034e+01
9.478506424239101591e+01
7.517991706964764376e+01
8.887531660910579490e+01
7.526990021702643219e+01
5.726020708782076696e+01
6.617991706964764376e+01
6.626990021702643219e+01
5.701354799471556589e+01
5.719788162462293712e+01
6.601354799471556589e+01
8.609955642660931119e+01
7.510559716573514777e+01
9.478506424239101591e+01
5.726990021702642508e+01
6.625379680945984262e+01
6.616811752271648572e+01
9.477425332628679655e+01
6.608110614572684938e+01
5.715645558296863982e+01
6.601354799471556589e+01
7.523794861721982841e+01
6.597655240703896595e+01
5.726990021702642508e+01
6.563352955226855556e+01
9.478506424239101591e+01
6.626990021702643219e+01
6.607041085661010982e+01
8.493921377653413174e+01
6.601354799471556589e+01
7.500106343805332187e+01
9.485250552318655082e+01
9.478506424239101591e+01
6.615935834262660364e+01
7.518288884003679584e+01
4.807041085661010271e+01
4.813921377653413458e+01
5.721925648420766919e+01
7.526990021702643219e+01
9.490013357217580392e+01
6.617991706964764376e+01
5.727641489804761932e+01
9.415297592783952041e+01
6.568103188625356381e+01
6.617695410451698024e+01
6.626990021702643219e+01
4.829288973525112283e+01
5.711667761151171874e+01
7.526990021702643219e+01
9.478506424239101591e+01
7.527315225241279961e+01
5.719788162462293712e+01
6.626990021702643219e+01
