% # columns="iteration, evaluation, sigma, axis ratio, bestever, best, median, worst objective function value, further objective values of best", seed=258676, Sat Sep 30 16:50:52 2023, <python>{}</python>
1 20 39.162697258631624 1.000049812561359 16.996980713653286 1.6996980713653286e+01 51.6661022550876 53.01413926011535   
2 40 38.43763393870513 1.000049812561359 16.954041469084473 1.6954041469084473e+01 51.354025100551105 53.00929660724812   
3 60 37.78993234465683 1.000049812561359 12.480502669811642 1.2480502669811642e+01 51.354025100551105 52.87787110679346   
4 80 37.23073931602195 1.0096488140136013 6.931601864368986 6.9316018643689858e+00 21.37310159527007 52.87628631941281   
5 100 36.72399386976248 1.0096488140136013 5.6514802400679685 5.6514802400679685e+00 25.87150159390474 52.881025691390086   
6 120 36.24975831797615 1.0096488140136013 5.6514802400679685 6.2994508869386294e+00 16.98690480593463 53.00929660724812   
7 140 35.82665970339717 1.0114959604642872 5.47660298952087 5.4766029895208703e+00 16.920320828686698 52.87628631941281   
8 160 35.43994075557717 1.0114959604642872 5.47660298952087 5.6566616335857418e+00 16.863423873793607 52.87628631941281   
9 180 35.083432336775 1.0114959604642872 5.469158683274003 5.4691586832740029e+00 12.326244590134323 52.87628631941281   
10 200 34.75975514021301 1.0140706701524083 5.086602989520884 5.0866029895208840e+00 16.91594123864175 39.36828614873959   
11 220 34.44041509922241 1.0140706701524083 5.086602989520884 6.1835537653587096e+00 12.521316416841188 21.484353779992688   
12 240 34.11926421361841 1.0140706701524083 5.086602989520884 5.8858230259275075e+00 17.009296607248118 52.87469649295413   
13 260 33.79775418532919 1.0165585231292846 5.086602989520884 6.2951797271620222e+00 16.99448070844494 52.87628631941281   
14 280 33.527438508855106 1.0165585231292846 5.086602989520884 5.4691586832740029e+00 16.995732273553983 52.87628631941281   
15 300 33.2696769822274 1.0165585231292846 5.086602989520884 5.4741338487005891e+00 16.84178988366935 52.87628631941281   
16 320 33.04495377037439 1.0194663137270483 5.086602989520884 5.7311671259823953e+00 16.99448070844494 25.84008630450853   
17 340 32.83968971857943 1.0194663137270483 5.086602989520884 5.4716524540295239e+00 6.9619159025128 52.855213508687434   
18 360 32.67489177115668 1.0194663137270483 5.086602989520884 5.2641338487005953e+00 16.90557049648835 52.87628631941281   
19 380 32.538297311375246 1.0231421473712767 5.086602989520884 5.3466524123622321e+00 12.264714543755701 43.86342387379361   
20 400 32.43518641296618 1.0231421473712767 5.086602989520884 5.3766524123622332e+00 6.483585885730037 52.87628631941281   
21 420 32.33342832394089 1.0231421473712767 5.086602989520884 5.4716524540295239e+00 16.907065265912536 52.87628631941281   
22 440 32.239435658852045 1.0281663561487484 5.086602989520884 5.2316524540295291e+00 12.373101595270072 30.270631772579208   
23 460 32.14219584883207 1.0281663561487484 5.086602989520884 5.1611671259823879e+00 6.775519226782848 38.48514595677606   
24 480 32.047311482590096 1.0281663561487484 5.086602989520884 5.4391586832740018e+00 7.740730458931111 21.26669474436376   
25 500 31.97725172974756 1.0331557374351146 5.086602989520884 5.2606460828546915e+00 6.1235537653587215 17.000707438980584   
26 520 31.928452556551626 1.0331557374351146 5.086602989520884 5.4141338487005868e+00 6.993585885730056 17.01172379648051   
27 540 31.872627448686995 1.0331557374351146 5.086602989520884 5.3063593966326721e+00 5.991208855260879 16.99448070844494   
28 560 31.83348001713257 1.0384373040405508 5.086602989520884 5.2341338487005942e+00 6.324696492954118 17.009296607248118   
29 580 31.821414689203653 1.0384373040405508 5.086602989520884 5.2266524123622276e+00 5.512247531394536 52.87628631941281   
30 600 31.80864916836134 1.0384373040405508 5.086602989520884 5.2859290667380208e+00 5.63392907953164 16.995732273553983   
31 620 31.804111152396064 1.0446608245118787 5.086602989520884 5.1966524123622264e+00 5.479059996922103 21.348546743252697   
32 640 31.776418919412432 1.0446608245118787 5.054133848700587 5.0541338487005874e+00 5.486359396632679 21.37310159527007   
33 660 31.755565777201838 1.0446608245118787 5.054133848700587 5.1935537653587147e+00 5.689039654461581 48.376286319412806   
34 680 31.737127467739477 1.0508951166397749 5.054133848700587 5.1666524123622253e+00 5.701915902512781 39.37469649295413   
35 700 31.70798316244338 1.0508951166397749 4.966602989520879 4.9666029895208794e+00 6.1219159025127965 52.87628631941281   
36 720 31.690636239838764 1.0508951166397749 4.966602989520879 5.1741338487005919e+00 5.583553765358715 21.37310159527007   
37 740 31.675959664377892 1.0574485112301344 4.966602989520879 5.2291586832739938e+00 5.523553765358713 16.86667063844888   
38 760 31.658363915454192 1.0574485112301344 4.956652412362217 4.9566524123622173e+00 6.746866069401335 39.37310159527008   
39 780 31.659501908624744 1.0574485112301344 4.956652412362217 5.2016524540295279e+00 5.434133515347256 16.86504989148679   
40 800 31.652193176024998 1.0637329861521672 4.956652412362217 5.1691586832739915e+00 5.444133848700588 16.699081350758874   
41 820 31.646687106688237 1.0637329861521672 4.956652412362217 5.2282931373359816e+00 5.82358588573004 25.70805020110221   
42 840 31.62833082234 1.0637329861521672 4.956652412362217 5.1716524540295268e+00 5.7576605576788324 48.388826161611334   
43 860 31.605906794781177 1.0702155547250867 4.931652454029518 4.9316524540295177e+00 5.673553765358719 21.24653072167027   
44 880 31.56675820596134 1.0702155547250867 4.931652454029518 5.2341338487005942e+00 6.841915902512795 43.87469649295412   
45 900 31.50808684370111 1.0702155547250867 4.931652454029518 5.1691586832739915e+00 5.474133848700589 30.3872757727722   
46 920 31.461475374250842 1.0759642657715889 4.931652454029518 4.9316524540295177e+00 5.553553765358714 43.88259555139242   
47 940 31.3997609056995 1.0759642657715889 4.931652454029518 5.1716524540295268e+00 6.046861001777103 21.205823025927515   
48 960 31.34108809195445 1.0759642657715889 4.931652454029518 5.0829880075109202e+00 5.349158683273998 6.571915902512785   
49 980 31.28727678483283 1.0817662867543485 4.931652454029518 5.1716524540295268e+00 5.496652412362238 25.68763920384208   
50 1000 31.233670426014214 1.0817662867543485 4.931652454029518 5.2016524540295279e+00 5.267639203842066 21.20805020110221   
