6.379100646410932995e+00
1.218464728111178097e+01
3.096217324554932659e+01
4.180728646399385440e+01
3.494137527224238227e+01
5.351738043733930539e+01
4.121701869957070130e+01
5.598809070655524067e+01
5.963825772351511745e+01
6.550460879417261140e+01
5.841625013171825742e+01
6.178667985014817532e+01
6.110666009469705529e+01
6.910931552227766872e+01
7.672485313591609213e+01
7.051906586470349225e+01
7.695536862045995008e+01
7.893509949244378276e+01
7.755520243137338809e+01
7.511312941862111359e+01
8.265519787162031662e+01
8.015704811696630827e+01
8.346778259114455523e+01
8.620407994743717950e+01
8.366089257348346564e+01
8.615619185572737138e+01
8.514062215922751875e+01
8.403251562361297999e+01
8.475235585856053433e+01
8.252297299022228572e+01
7.339197207885109719e+01
8.502617078432591313e+01
7.978972625907495342e+01
8.378843470747065680e+01
8.497649106944297159e+01
8.312256966514377154e+01
8.370950487295506548e+01
7.699561554210723102e+01
7.591225052242349136e+01
8.682683869606880478e+01
8.532129581828488085e+01
8.331519522418993517e+01
8.543277563094427762e+01
8.327425337486420176e+01
7.279997783168833791e+01
8.533360889731875432e+01
8.157790334923222986e+01
8.055711890364425187e+01
8.372901014102764350e+01
7.612773380446499516e+01
