-1.243793741796350272e+00
2.957157551949452044e-03
1.365226203322021048e+00
8.565935575650753364e+00
2.072767515373283942e+01
2.563471151207186338e+01
2.253652917014957069e+01
3.419017410195077389e+01
2.826393383609201848e+01
2.919685427593677218e+01
2.934321757469790981e+01
3.406238310418569171e+01
3.320629530577843269e+01
3.321490889421848181e+01
4.174064661286845990e+01
3.687723287131940708e+01
3.455466971124157283e+01
3.642800813853169473e+01
2.736496207172323736e+01
2.650839186028902716e+01
2.824336888719957273e+01
4.125795458012822081e+01
3.213589699989412907e+01
4.442255678802263219e+01
3.940672539511723471e+01
4.294383144633150806e+01
4.575687862044500065e+01
4.531345313325645918e+01
4.571976664815013436e+01
4.352735677052205432e+01
5.029201253439935471e+01
4.414966729775930787e+01
4.580748478506616550e+01
4.173596277057048809e+01
4.404277415341474722e+01
4.214531846518828218e+01
4.818651130818044237e+01
4.472972752916970762e+01
3.553020004635431661e+01
4.770121957512991884e+01
3.558645311392386645e+01
4.629953082155557098e+01
3.689921056426812385e+01
4.219231663069406579e+01
4.132869401372008156e+01
3.239406084210042991e+01
3.947461591957365101e+01
4.446055971836972986e+01
4.176687757673892065e+01
3.419627183391770586e+01
