2.270491263885851208e+00
2.147388396396071641e+01
1.752102913071635726e+01
3.752056695085413907e+01
5.500811808646140122e+01
5.148782887793779395e+01
6.141501110141816611e+01
7.214973341641353954e+01
6.720263365848992976e+01
7.188634350812191087e+01
6.905058878131231381e+01
7.069734566869297510e+01
7.376018411331948244e+01
7.439685407636598313e+01
7.236097153104188351e+01
7.454501963142308796e+01
8.510065120090418134e+01
6.786058389903291754e+01
6.985949892634265268e+01
7.435616807733183009e+01
7.836085838756285682e+01
8.189661542064268929e+01
7.795692346166848097e+01
8.255271721582326450e+01
7.781636381764731425e+01
7.944400212130709349e+01
7.596185355066477030e+01
7.967846637068129212e+01
8.402735391197037984e+01
7.826418491504361441e+01
7.574929037284432809e+01
8.685055398753242173e+01
8.046002005830665382e+01
7.854785510237510948e+01
8.393713140251274751e+01
7.974239535406539403e+01
8.012157834915107912e+01
8.117726371084314962e+01
8.420179433662949009e+01
8.393120014149317853e+01
8.461805460433609483e+01
8.677662123631117197e+01
8.007143526375749332e+01
7.354798000236324640e+01
6.985461141875850899e+01
7.605977340909343809e+01
8.007537632285526286e+01
8.300602564522829141e+01
7.704621613390968093e+01
8.291374347402548040e+01
