1.544828698709676429e+00
4.690078122002078409e+00
4.965982854040492001e+00
8.011714872173302027e+00
1.614250468629377622e+01
1.424968617124710590e+01
1.477195273740650272e+01
1.460866235212653841e+01
1.177689566954990141e+01
7.816994561759242011e+00
1.960660557357199707e+01
2.719226157323264559e+01
2.081567463087946379e+01
3.498065825302681020e+01
3.652245964505102904e+01
3.681356781659182076e+01
3.393940148466892737e+01
3.797533021395054931e+01
4.279856341040434131e+01
4.169638045439282337e+01
4.440037809643055056e+01
4.931649124825337083e+01
2.707322060963409882e+01
2.849148209379391261e+01
2.620825883865521178e+01
3.331995771498155534e+01
4.573351962627875622e+01
4.216873781120237652e+01
4.695542725338873424e+01
4.784368339339575726e+01
4.838043551793989394e+01
4.910499597949716843e+01
4.724053730099119264e+01
4.748695953735013831e+01
5.067931400599201908e+01
4.123307645923024722e+01
5.455690415751628564e+01
5.549733039373971621e+01
5.330679790014865915e+01
5.101428724075456245e+01
5.668926015641837068e+01
4.810624986769860811e+01
5.291085311575280770e+01
5.685311672405866545e+01
6.539838267619232681e+01
4.986962433460625022e+01
5.422216207036486679e+01
5.838735196945724226e+01
5.861455788081555340e+01
5.466874846154286161e+01
