3.583030746867316818e+00
1.257611113682377280e+01
3.637313039205650966e+01
4.490905881255258691e+01
4.604089676923175745e+01
5.823226730702339182e+01
6.516028315830517670e+01
6.152081906010077006e+01
5.743053271458425968e+01
6.763863931240010174e+01
4.796402379325520116e+01
7.954050813531418385e+01
7.104169025834733020e+01
5.805668758101802496e+01
7.105700468222369182e+01
8.119613077876890372e+01
6.934784506523050140e+01
8.354718900943922222e+01
7.545419274472237703e+01
8.408569856559057598e+01
7.701746648728361322e+01
8.518958003533694523e+01
7.514390887155057897e+01
8.226045786454635333e+01
8.853304844363265147e+01
8.095102025371264176e+01
8.420277093074450647e+01
8.394153799306658925e+01
7.860773185781121697e+01
8.690634741879622993e+01
8.201800587982319257e+01
8.340389472939399695e+01
7.712562728462532391e+01
7.474765963442619920e+01
6.974688937032958336e+01
7.756377976272332830e+01
6.469114752001731006e+01
7.474912396454845975e+01
7.968464545842176960e+01
8.485819222305198650e+01
6.826930073744054539e+01
5.534069295623395135e+01
5.369474108287473513e+01
7.988461825915342729e+01
7.835438648152225483e+01
7.289100108779148002e+01
7.819890333812914207e+01
8.083196452695156609e+01
6.432042438488326752e+01
7.558742964629669814e+01
