-4.830017635038862167e+00
3.422246457953520560e-01
-2.684536450500130123e+00
-3.556645580186330591e-01
6.280387089102787535e+00
4.527883702183593151e+00
1.336848305870562115e+01
2.551284000079364489e+01
3.368359855134200131e+01
2.787651506905373822e+01
3.100662009110116202e+01
3.173599534104274156e+01
3.185316926608878063e+01
2.907750625435263103e+01
3.090655233775277111e+01
3.680350661827959158e+01
3.195945504598124032e+01
4.336604334179887843e+01
2.844678472690562643e+01
4.038142998589715660e+01
3.409494838781539983e+01
3.503119955593221846e+01
3.507900987748558208e+01
3.949778790291725272e+01
3.861654273081086330e+01
4.533343720153160916e+01
4.128928204617214703e+01
4.128318670096824405e+01
3.991490044680762139e+01
4.120200643567984855e+01
3.850102606928216176e+01
3.853251314058719146e+01
4.482670754457195272e+01
4.563074087987912719e+01
3.034114443936836736e+01
4.388945520880643869e+01
3.215468663077040645e+01
3.673812747663532008e+01
4.208604985984361946e+01
4.305225265878358698e+01
3.855034968812955043e+01
3.900093275717680541e+01
4.522625922958939526e+01
4.035755567868696403e+01
4.345723890020806124e+01
4.482657310911658044e+01
4.399320926028853762e+01
4.481523662380777040e+01
4.022204378165658767e+01
3.353082379904831356e+01
