2.098299507022403976e+00
3.015237781852559529e+00
1.004838898374183742e+01
4.460176238926885084e+00
1.278996411283819512e+01
1.948828323266867102e+01
2.242288539187107688e+01
1.640187170691356400e+01
1.490371211013496655e+01
3.512175639961547091e+01
4.533374517375065693e+01
2.991202443637131481e+01
4.036438301087497393e+01
4.262486410210120624e+01
4.155133835972171852e+01
5.294828359733935486e+01
3.906348763578962746e+01
3.318436680952259366e+01
2.638946998894003215e+01
3.662238997652089267e+01
4.749741835990205630e+01
4.213612151059045630e+01
4.820665106353852991e+01
4.376755177408605135e+01
4.129689626161810878e+01
4.692248197362768991e+01
5.458291285009882188e+01
5.623040341503300255e+01
4.711755942391435781e+01
5.011360519701221961e+01
4.506211236068204329e+01
4.842944907275854405e+01
5.490809228917466811e+01
4.926112490199503924e+01
4.646520340504999069e+01
4.541806351294613364e+01
4.111432572125822560e+01
5.483531355949541108e+01
5.562112936609675273e+01
4.692800691283939329e+01
6.329197437163147555e+01
5.362943811487086521e+01
4.809162264483702387e+01
6.282213256712871186e+01
6.048664988663115594e+01
5.043632755623717401e+01
5.954977128738509862e+01
5.975636599620670353e+01
4.698234511150245396e+01
5.327380389262309279e+01
