-4.509315372781857789e+00
6.309725041052502092e+00
1.710519107927428006e+00
-2.199436770206582459e+00
1.866805721323517187e+00
1.077525927936579819e+01
1.893969948453057128e+01
2.739071574912398432e+01
3.187634804203936056e+01
3.321181385613093084e+01
1.981021855367733409e+01
2.791815148704872485e+01
2.211434976307032940e+01
3.548964328464494145e+01
3.593189711952093290e+01
2.972755390343617776e+01
2.757521452214583135e+01
3.147723135029196584e+01
2.303698582293555575e+01
3.245173280489638756e+01
2.662926429520508620e+01
3.906217964072266824e+01
4.392593519475442321e+01
3.355781560388300733e+01
3.989612759370434958e+01
3.722500486657338570e+01
4.085940768551823510e+01
3.947078020272748233e+01
4.347113042314623499e+01
3.448913440968184574e+01
4.302467417546795758e+01
3.950942542128264989e+01
4.531028706297724540e+01
5.024258499261306099e+01
4.037898040725308846e+01
3.448992329418145886e+01
4.574033791041979669e+01
4.664224904748246558e+01
5.307084167485153614e+01
3.622198633839406057e+01
3.991745367622844753e+01
4.211155133779532633e+01
4.713514436466416413e+01
4.307071367525929162e+01
5.138742553290086335e+01
4.443869039215373817e+01
4.670439055197407185e+01
4.798392639190940656e+01
5.012653327550918902e+01
4.057430416338270618e+01
5.278430323430369242e+01
4.864774310171809191e+01
5.013738964865475367e+01
4.782635263873750375e+01
4.678784543261379270e+01
5.048711816430193267e+01
5.101469215919811262e+01
5.238288146220691033e+01
4.356987723965942649e+01
4.855657742987084191e+01
4.126730144539915557e+01
4.667802998776225820e+01
5.009142413345274036e+01
5.245241566903856523e+01
5.540259378090424747e+01
5.363081363793111223e+01
5.332012373243411218e+01
5.098063801274399509e+01
5.278449658457018501e+01
4.119794995280469863e+01
5.453379364378438510e+01
6.342657917277976054e+01
4.609347814136636146e+01
4.256361627994247954e+01
4.735606440770592229e+01
5.130070022203796043e+01
4.615771302641353913e+01
5.166935777119175555e+01
5.320595238089655510e+01
4.514498391340125494e+01
4.786203900090792018e+01
5.194176507985779523e+01
5.392440792793011894e+01
5.189940493185789450e+01
5.255139179934103311e+01
4.744904647526246322e+01
5.124116963741814601e+01
4.393875642975921636e+01
5.207481166468780032e+01
4.700798204085243270e+01
4.049507944215508104e+01
4.340666886226814825e+01
5.485168738027074653e+01
3.873189628547335417e+01
4.536551672309565220e+01
3.603444990598575970e+01
4.665810682306259594e+01
5.420999370057398892e+01
5.661068116389911609e+01
5.641995630558430008e+01
5.825920405613355513e+01
