-1.172872394591191192e+00
1.534705945968124752e+01
1.879499464227026451e+01
2.964607207643488351e+01
3.455486761881174829e+01
4.127332779717599465e+01
5.963815678887806371e+01
6.434092346080299762e+01
6.010550262609619665e+01
6.688468487898879289e+01
6.825193866746926119e+01
6.812606854521186506e+01
7.044980333041617371e+01
7.216723929947943361e+01
7.365798126725607631e+01
7.518099260633900371e+01
7.590076662307129141e+01
7.543913982387502415e+01
6.878536756716948730e+01
8.169687283069102079e+01
7.789842281683459646e+01
8.363919932182652417e+01
7.608709542494946731e+01
7.794841851916262954e+01
7.981658040534722431e+01
8.170806793166707394e+01
8.068151905598304552e+01
8.301687783412020849e+01
8.265851434916477558e+01
8.185793497123923146e+01
8.100951370833659837e+01
7.837082646677951914e+01
7.214304680646584700e+01
8.352696713796407835e+01
8.411170834104099470e+01
8.239661136467194069e+01
7.433655050456562208e+01
8.254963465375318776e+01
8.511339186386024380e+01
8.325513170190367873e+01
8.557169162830618347e+01
8.436747628880434036e+01
7.768409060542221312e+01
8.228292806457659481e+01
8.560081957196230462e+01
8.568107584027129064e+01
8.679700719154551791e+01
8.053183893397097393e+01
8.214546010323773828e+01
8.752994231849513085e+01
