5.965124588026053054e+00
8.785012454827052508e+00
1.048084874681003420e+01
1.426474077811023733e+01
1.225051994055415250e+01
1.362845512829408179e+01
2.084960559723658591e+01
1.048640785804509790e+01
2.590757881841363286e+01
2.524574048099524859e+01
2.782105370100330788e+01
3.764167886471950908e+01
3.309792461452268242e+01
4.066963061861328299e+01
3.488215029422809010e+01
3.822843306595316193e+01
4.135739724895995550e+01
3.585566980685013050e+01
4.155230548638587607e+01
4.013313032274699310e+01
3.679474243904619613e+01
4.481654637043207856e+01
3.882013515561477845e+01
4.621486192829515005e+01
3.781761590330152956e+01
5.894663196193558719e+01
4.538024155627788048e+01
4.174530249839399687e+01
4.890435770686860195e+01
4.740879273490190826e+01
4.452806691221023527e+01
5.116060731768811820e+01
4.273891390723280637e+01
4.289992698030111740e+01
4.459585320264277186e+01
4.513272819404964054e+01
5.032998137718498555e+01
4.922768659037569705e+01
5.372065787487578348e+01
5.192178927277698364e+01
4.484566032195660057e+01
5.296091773942725922e+01
5.365543256395295657e+01
5.047841593989651443e+01
4.686527347658491749e+01
5.349361357714506227e+01
5.320735997707924980e+01
4.999964625327227452e+01
5.311885260853114232e+01
5.730039731994261132e+01
