-5.296586585377392353e+00
-8.651115821734517430e-01
-3.775175798242403347e-01
-1.688148971961344724e+00
-3.966415828443027092e+00
5.892305865305123902e+00
2.679397180245680410e+00
1.396573420429483825e+01
1.622387535311062123e+01
2.344926934745105029e+01
2.654681900994810206e+01
1.846710475701596721e+01
3.365944526283651328e+01
2.202849155141452897e+01
2.156949837125718261e+01
3.015209076342016559e+01
2.256579278250317344e+01
2.873791601597089240e+01
2.737905757527304473e+01
3.458415361734801508e+01
2.693231363936864042e+01
4.002290692047242970e+01
3.057801615853296084e+01
2.469950875633052334e+01
2.746300213892072861e+01
3.805292398163006595e+01
3.229542070366171913e+01
2.872139518393232649e+01
3.205899436981566453e+01
2.794269826190151917e+01
3.868810942442001277e+01
3.820917528571199995e+01
3.506803921312069861e+01
3.768797970301466904e+01
3.962331528715098017e+01
3.571870328574498643e+01
3.076422842890018927e+01
3.958662489399307560e+01
2.844296944207272304e+01
2.757386902218130587e+01
3.120542729234481882e+01
3.508970408805747354e+01
3.829990195655526009e+01
2.938858463090450002e+01
3.199705139375090113e+01
4.364929821073012306e+01
4.006848378737199567e+01
3.283825421570696079e+01
3.831944804812500394e+01
3.514828860499275720e+01
3.567970174312041820e+01
4.107601881775682529e+01
3.648593956631095381e+01
4.393514096698206117e+01
3.688809217795115103e+01
3.649330515111859086e+01
4.049779496547824920e+01
3.556235589529222807e+01
3.826106553913731290e+01
4.093359445267105912e+01
3.425267041070289054e+01
3.469638169054852028e+01
1.837164436266180445e+01
4.360207651483294455e+01
3.589752889899621380e+01
3.550485322941749899e+01
3.559486636318848696e+01
3.604927343141504537e+01
3.600480639190106302e+01
2.559952453868777766e+01
3.418974485790111117e+01
3.197661670616808394e+01
4.514929753112591726e+01
4.006632526696451180e+01
4.147338915362522016e+01
4.047668529553310179e+01
4.590737253859695244e+01
4.048306079311210226e+01
4.273546563724784875e+01
3.695299209147153618e+01
4.593645207806286379e+01
4.962170898800414420e+01
5.158409900432532424e+01
4.246003882689737452e+01
3.926196759641665324e+01
4.229680399175581584e+01
5.012331707986067642e+01
4.558094090554374134e+01
4.188151726246296391e+01
4.469797358520605002e+01
4.923711334148230634e+01
4.415471055039490977e+01
4.741294369280372223e+01
4.370121273816782548e+01
3.741197786264053349e+01
3.517075982298856474e+01
4.741281527924108730e+01
4.521084511213166479e+01
4.613706695244970035e+01
4.336406889200310388e+01
5.328778573042005462e+01
