-7.615708002511799579e-01
4.176799643629040659e+00
1.599331168699952777e+01
1.134695560120817603e+01
1.952346244701509903e+01
1.357201130124369648e+01
2.338655655960852187e+01
3.073287382036655302e+01
4.395309548476623718e+01
3.660590209335997258e+01
3.965623626620406839e+01
4.091772622022175909e+01
4.716408960100441305e+01
3.871790280108574223e+01
5.115754829540333048e+01
4.298887208345703925e+01
5.223553593184707466e+01
5.506053437666008676e+01
4.243605303360651249e+01
3.437299492932142186e+01
5.007731741799002378e+01
3.851303539601283177e+01
3.986559609526523928e+01
4.425978100097744061e+01
4.892735766231393058e+01
4.550446762718620164e+01
4.803386388567247423e+01
5.692594855778152407e+01
5.255245223400557819e+01
5.249646116305581245e+01
6.335192023676014372e+01
6.316683455637663513e+01
5.929658365940738207e+01
6.457254159201707466e+01
6.747368297190507747e+01
6.512550999984948419e+01
7.398211205110786182e+01
7.394879085363798765e+01
6.030844121678529746e+01
6.227966946251310532e+01
6.822896796034918054e+01
5.913462364803550741e+01
6.483146574816829855e+01
5.681191383321480259e+01
7.254801911042638096e+01
5.854829264640066810e+01
6.906655386983251788e+01
6.735242415304821861e+01
5.978635971718191655e+01
6.558647127355214934e+01
