-3.984272017931669296e+00
-1.786059130937193817e+00
9.044831990735328731e+00
2.308155665036674797e+00
8.182770544259350132e+00
1.715172316371555894e+01
2.875986863285245221e+01
1.626654964809593196e+01
2.656183616182182661e+01
3.607987820904637033e+01
3.190722034857258294e+01
1.485242360877381529e+01
3.371921688661701211e+01
2.919295097968408115e+01
2.661526540289168707e+01
3.056792067119484813e+01
3.691743135405263843e+01
3.200368465705775378e+01
3.154070017784197333e+01
3.600553950094045774e+01
3.015322846172939464e+01
4.096818880149598385e+01
3.339306677070359797e+01
3.519879227532162247e+01
3.419926977936295742e+01
3.785754298661033346e+01
3.379389496779882762e+01
2.484587659009858385e+01
2.750146154118211683e+01
2.612550092356311637e+01
3.199104169660917663e+01
3.645506204875137257e+01
2.215597294501995407e+01
3.374895828058392766e+01
2.568403040777783275e+01
1.803929834874214322e+01
2.928796378925157029e+01
2.525806428575149098e+01
2.971150234529869749e+01
3.375312483156532295e+01
3.998027667347280101e+01
3.197758461405875963e+01
3.466751695266142264e+01
2.799266562195707664e+01
3.381193220014941403e+01
3.556164215075234125e+01
1.894103261572974617e+01
1.900235656260556283e+01
3.779963728148407398e+01
3.692281591508798044e+01
3.471810561313706955e+01
