-2.510469063241535626e+00
3.388851719573384713e+00
4.063741269078645857e+00
1.178484293814750572e+01
8.659100573126318423e+00
1.255095802570797758e+01
2.378734240450660664e+01
3.154702856459272198e+01
2.635632018807176991e+01
2.654581387443672469e+01
3.549122865842638674e+01
2.704783594601452279e+01
4.031766235304512946e+01
4.247926476809844587e+01
3.634652653673920497e+01
4.609145174881176388e+01
4.646438678939566813e+01
4.464904482261506757e+01
4.892300535600085709e+01
4.149136413265780021e+01
4.882653268629189824e+01
4.629050573773543675e+01
5.013975797989535010e+01
5.956877307096500829e+01
5.272327747981838542e+01
4.830602136779532430e+01
5.377926518233746123e+01
5.305574538430347786e+01
4.582468926747400673e+01
5.325677785251309615e+01
5.144215555432375453e+01
5.188275630636028524e+01
5.805703188618063137e+01
5.039265782330774357e+01
4.343781429153655438e+01
4.432072930589994542e+01
3.978642696147237245e+01
4.109249043911888322e+01
5.066506523685020369e+01
4.719917302654351943e+01
4.639515825720940967e+01
5.043175797935683846e+01
5.063472746146168646e+01
5.700274791197127655e+01
6.322035451073736567e+01
5.845511092856693125e+01
5.902776325068092689e+01
5.200144103935265605e+01
4.116230790015602992e+01
5.781826926661555177e+01
