-3.111168997760912269e+00
-2.200368706240153127e+00
4.588874281084663664e+00
1.350996442935104369e+01
1.794181696879912025e+01
2.932734809338066384e+01
1.397545624552206434e+01
3.836346624707944386e+01
2.207591082141407313e+01
2.385917421626434987e+01
3.239674358894257011e+01
1.671910434237114629e+01
9.045229404622514124e+00
9.481355534126688411e+00
1.934853056829559748e+01
2.653314154349744669e+01
3.147899052513540141e+01
1.449686844527470875e+01
3.415534860273744755e+01
2.608473508443165656e+01
3.015944293667131859e+01
3.108254305166127551e+01
3.695110787073153347e+01
2.485479545525467771e+01
3.023744436835211147e+01
2.658797974813392173e+01
3.157117864464658652e+01
3.340274322847584187e+01
3.333097928965334944e+01
2.751328313034755979e+01
3.424475450664530740e+01
3.386718297662217481e+01
3.517741577516630258e+01
3.604180550936739991e+01
3.289590605663331502e+01
3.024537013823393750e+01
3.567589691998418999e+01
4.098601325604629153e+01
2.483079613377878303e+01
2.528620140386242454e+01
3.519473307133374362e+01
3.516516482878064664e+01
3.468167612586415061e+01
3.652058746577249337e+01
3.335365030381024809e+01
3.919418512838429081e+01
3.930249499143927494e+01
3.741104034325609007e+01
3.113501266548741953e+01
2.483363520256349233e+01
3.338300354462099762e+01
3.121134115160705136e+01
3.832866137325229516e+01
2.041704466370432414e+01
2.753558969570010362e+01
3.831272148253388821e+01
3.246860772091149272e+01
3.985398636167262509e+01
2.979184765734981966e+01
3.113527613935485050e+01
2.582071759238924002e+01
3.790187814654016307e+01
3.968694191050222031e+01
4.067369402523193855e+01
4.212726732693257503e+01
3.520286951542070852e+01
3.970348278097326045e+01
3.655734135982116584e+01
2.350579177766259065e+01
3.924425031775388106e+01
4.734719372896518763e+01
3.430867151758140920e+01
4.015480516492929297e+01
2.575378613626503466e+01
3.655966674853149811e+01
3.833417509446983473e+01
3.296351634389098706e+01
3.025946180274337394e+01
4.330016894216205969e+01
3.617710458042065369e+01
3.214213151801086354e+01
3.933464466905346058e+01
2.935913459420946126e+01
4.465272292847866709e+01
3.880658509616092999e+01
2.711540105965749348e+01
3.521283416674659605e+01
3.835579854819489043e+01
3.887384249244124135e+01
4.196274367804990391e+01
4.024029490920807461e+01
4.698492644083292191e+01
3.843975215904124809e+01
4.383889119914287136e+01
2.484567174170121717e+01
5.153539570058453734e+01
3.116187415937370275e+01
4.241042393023732160e+01
5.050692961610243259e+01
3.295953486998759274e+01
3.520493167420566749e+01
