1.153341874504495124e+01
2.128615415641269948e+01
4.190795216327918382e+01
4.069065382382149210e+01
5.358213811439782148e+01
7.034753430758554771e+01
5.253421300044965392e+01
6.434021806691252721e+01
7.528107144829803588e+01
7.457638673240350613e+01
7.583411546407218395e+01
7.324660583225539767e+01
8.183346705199521409e+01
7.863226275168361212e+01
7.244755252264698697e+01
7.657266227967832606e+01
8.475166282907068194e+01
8.249149842716992964e+01
8.323606691487177045e+01
7.793923889953480000e+01
8.431680985723464516e+01
7.724382670481881519e+01
8.124587169735777081e+01
7.973738578383139952e+01
7.969327020747127222e+01
7.590917026044824922e+01
8.310889162285040754e+01
7.571429413982836820e+01
8.477070400082932622e+01
8.237603714412003342e+01
8.505087367376214047e+01
8.434467805258243800e+01
8.427816061900909972e+01
8.396543168122157397e+01
8.150535396027991908e+01
8.460943813623708820e+01
8.047477755346258732e+01
8.121147318907193835e+01
8.484425121565564609e+01
8.501991190069337279e+01
8.208469898246661955e+01
8.515263619574101028e+01
8.218277635235703826e+01
8.002890858172808919e+01
8.726480980723744096e+01
8.390301411587117286e+01
8.045945732623789581e+01
8.044348980296119578e+01
8.417844934264481083e+01
8.041582422296775690e+01
