-9.427482208678006348e-01
1.052567255461016371e+00
1.104618574532187303e+01
1.069893584531578590e+01
1.976232738976939274e+01
1.337308281938218713e+01
1.876559558262360028e+01
2.754452767104302069e+01
3.069895418564757961e+01
4.430929537511384098e+01
4.610462169929589749e+01
4.137601021078027230e+01
4.706759857682229864e+01
3.616892935736326820e+01
3.840840134150079876e+01
4.968279924370593648e+01
4.693072805462070818e+01
5.349471709332326697e+01
3.625285983162786607e+01
4.586889223870220178e+01
4.604088578562736700e+01
4.919067671406956777e+01
5.837115286751465248e+01
5.773371369167504241e+01
4.640813283651398535e+01
5.190411992914412309e+01
5.602129575547972706e+01
4.763847527084801925e+01
5.860877360789642410e+01
5.862964315355164047e+01
5.748806605265624370e+01
6.048347692270154852e+01
4.943369245390631761e+01
4.632823000790147461e+01
5.678690905901828501e+01
6.283019570762255768e+01
6.543878469165103695e+01
6.334162528461693142e+01
5.619269635183551515e+01
6.519811576652122653e+01
5.637756573468958265e+01
5.562377799257639310e+01
5.899800605507057583e+01
5.535988343701438907e+01
5.494771994981655183e+01
5.945354137073861978e+01
5.876960653165508575e+01
6.842156221185942400e+01
6.422482320770319575e+01
6.750095633238527171e+01
