1.481695683692134224e+00
7.947825207317180229e+00
3.992184730194380027e+00
1.782467558626825266e+01
1.684143537701053006e+01
1.762275039932001874e+01
2.069247209243922470e+01
2.157343298191977610e+01
1.394737842080875012e+01
2.016439748461575121e+01
2.625427061939653228e+01
2.397341363375478096e+01
2.749810642845952202e+01
3.337274979493149374e+01
3.294207744921114056e+01
2.437004565463495354e+01
4.398040295420578616e+01
3.733830440751552260e+01
3.908098958222605290e+01
4.427908361294360873e+01
4.865164468282269183e+01
3.870243053111857279e+01
5.620565174976312761e+01
4.320257197972851770e+01
4.924249265940690634e+01
4.331492788639776848e+01
4.384435085415605471e+01
5.241514524289605959e+01
5.204638161647255856e+01
3.670192563134036590e+01
5.151842540295247375e+01
4.747038987206583727e+01
6.238986827308652749e+01
5.356066397014660652e+01
5.822802677596998677e+01
5.936419021675815344e+01
4.813248827996637402e+01
5.361654138321407714e+01
5.886168223343550920e+01
6.248009109684053186e+01
4.452960053899153081e+01
5.718416425981354223e+01
6.681729329114007498e+01
6.045458220996984267e+01
6.078857074279039807e+01
6.705447033408854907e+01
5.013943886866692878e+01
6.822776035556709928e+01
5.952920702640269468e+01
5.709230252301976094e+01
