4.577339494513593010e+00
1.920809050901512194e+01
3.482049880994798485e+01
3.096660432511340488e+01
3.328549315815519805e+01
4.779544765357964309e+01
4.722799213783135031e+01
5.418794477410275334e+01
6.496004027718363716e+01
5.585021126637225564e+01
6.220041716536089638e+01
7.136338755297174430e+01
5.979086024504889707e+01
5.494910174048168017e+01
5.373572973573142519e+01
6.391926905270402415e+01
5.912560485546034528e+01
7.025004470477753671e+01
6.209714058904926048e+01
5.422460464086366017e+01
5.369867341834145691e+01
6.937685576429147716e+01
7.541153486961472652e+01
7.265816236860004551e+01
7.164745418340709193e+01
7.672541699758987477e+01
7.452144199311727846e+01
6.588811500458439241e+01
7.645956268875286810e+01
7.019842952823948679e+01
7.349931405961430642e+01
7.123486857806106798e+01
7.901316120946124499e+01
8.100955211138071377e+01
7.213513943895615910e+01
8.660812928268532573e+01
7.389510932595744919e+01
8.279853081202892895e+01
8.068056048319611762e+01
7.730459690543230522e+01
7.548645234485685762e+01
6.767946795525763548e+01
7.750112672763822275e+01
8.489176034897477052e+01
8.271294637224680457e+01
6.690217235368582749e+01
7.820165747269732037e+01
7.346739800137106613e+01
8.391109815323764565e+01
8.358796370570578915e+01
