-5.373044580107219303e+00
-6.035957917054076916e+00
-2.674115816909419685e+00
-1.546584310357430381e+00
-1.744834056833106217e+00
3.369611199275846847e+00
1.416882508894450110e+00
5.550890343915084735e+00
1.214204370733879124e+01
1.123634766936011786e+01
1.262464375574915110e+01
1.138932558386783889e+01
1.616996474262286299e+01
2.139912941291761683e+01
1.422227559502462313e+01
1.300739686901633263e+01
1.848756101069454161e+01
2.194880523794717320e+01
1.798022552183001821e+01
1.554148537180018153e+01
1.813204858836775912e+01
2.327766358243866307e+01
2.173738620714526348e+01
2.544339141842818464e+01
2.081991848166910941e+01
2.348205544156253666e+01
2.494276086862156561e+01
2.379348417806853533e+01
1.617286190700235693e+01
2.221907573193376351e+01
2.203546298153143113e+01
1.993242579281833571e+01
2.215020716742755980e+01
2.744669120645953697e+01
2.312242350963400028e+01
2.305114845501269372e+01
2.621193716388987127e+01
2.749502742249229570e+01
2.946901034540582032e+01
3.607829417066142241e+01
3.316146545221819508e+01
3.443413381678935536e+01
3.238165375974416804e+01
3.764497625434701433e+01
3.171462643360746370e+01
3.249993767667812961e+01
2.691026873157046140e+01
2.580961235045473856e+01
3.046196632072438959e+01
3.347157750237511920e+01
3.269002769461691571e+01
3.465867788938054161e+01
3.668189962174245977e+01
3.474514759121115759e+01
3.452906829541505829e+01
2.876275467568583366e+01
4.004269401712279830e+01
3.409166098782603171e+01
2.690108813943550814e+01
3.052817397387596543e+01
