-3.992249833900437750e+00
1.359768870782500416e+00
2.222255872151680300e+00
5.796628644510219530e+00
2.065447078993150143e+01
2.599227429954597568e+01
2.920067906051019690e+01
2.781804738984082448e+01
3.323895130045737289e+01
1.352491983536216047e+01
2.110641134738055769e+01
2.742802643155063080e+01
3.059101828046518534e+01
2.114167620735054953e+01
2.070321521521905339e+01
2.377002558619396311e+01
3.097367413036753447e+01
3.550692342333040585e+01
3.407420759937652832e+01
3.543907112203841336e+01
3.721363625721162549e+01
3.328519158592288107e+01
3.864199252614473323e+01
4.175546541325871175e+01
4.219844181026412855e+01
3.772203010499615772e+01
4.625347719932999269e+01
3.908857166466911082e+01
3.590705319536915852e+01
3.952539231907574191e+01
4.076361166665639502e+01
2.825873610963514082e+01
2.916013361044007723e+01
3.323234602874261157e+01
3.908118122439190500e+01
3.994545278697649593e+01
4.316933516761086764e+01
3.361975843763130456e+01
3.910696896525655575e+01
3.149539472404946494e+01
3.857957840525733673e+01
3.731781374931712492e+01
3.857531249324783573e+01
4.519320485226485573e+01
2.600458645435813310e+01
3.319966033193743016e+01
3.002399048352787148e+01
3.367791366818077847e+01
3.638150013285096662e+01
3.320117808832232242e+01
