2.442538447491077847e+01
1.983984450310513026e+01
4.928775037192072972e+01
5.198971067141462754e+01
3.371666972512645088e+01
4.771988706300457039e+01
5.528561983685328585e+01
4.792328524757034813e+01
7.147651489385692969e+01
7.032759366278254731e+01
5.388972511551723699e+01
6.959363532556844234e+01
7.978444086643590083e+01
7.741181664879528057e+01
8.036239725784825794e+01
7.804587979720307089e+01
8.060771814697628201e+01
8.071579450510394338e+01
8.599290284586167843e+01
8.044697872688848861e+01
8.323873883315019384e+01
8.336430420474655989e+01
8.132765268245370294e+01
6.834613299114798224e+01
8.548636149956463726e+01
7.848570921229436692e+01
7.721300066664426254e+01
6.363826021674077538e+01
6.956384136766810400e+01
8.225350762126319637e+01
7.811598600049681806e+01
8.478829659548745212e+01
7.539111570410942420e+01
8.480940470297915112e+01
7.732653098942681424e+01
8.819270460873177342e+01
8.400943811483742252e+01
8.692055811535415444e+01
7.763278090740085702e+01
7.747835344792278534e+01
8.590784427905111897e+01
7.896342547040264037e+01
8.023775342663387278e+01
7.679572358409151889e+01
7.873148729305812310e+01
6.952948303320786749e+01
7.926249263199403572e+01
8.379602752611627636e+01
8.653612523534704337e+01
8.250016214935249081e+01
