5.097064264123438271e+00
1.088944675233963366e+01
4.554855054133791015e+01
3.989857863914502190e+01
4.859647329277584760e+01
4.024174115652730421e+01
5.380910740513505885e+01
6.034434092600186261e+01
6.036288119315182854e+01
4.496872857003309321e+01
3.611020273018690574e+01
6.411926759691212396e+01
5.246988368615569698e+01
5.997904770642868755e+01
6.212019625763989694e+01
5.261210406128369499e+01
6.316591170130667621e+01
6.952985014665657104e+01
6.864967571160568127e+01
6.950192665613592169e+01
7.310901911568673484e+01
7.319053225354147685e+01
6.469716793185168058e+01
7.468011471928437572e+01
7.619356498997129279e+01
7.094272211902513448e+01
7.291348509859649596e+01
6.449062779592028960e+01
6.379529796713493539e+01
5.966844427800970152e+01
6.764708210544665690e+01
7.093096946176767403e+01
6.426603742221490734e+01
7.154123710076109433e+01
6.770075237860842776e+01
6.598959445876936059e+01
7.063774421197989284e+01
6.977292654091432667e+01
5.454228408262916616e+01
7.091198624236503179e+01
6.778169998930181350e+01
7.336618935353010329e+01
6.832944865040130367e+01
7.142051241288115193e+01
6.524353206471552369e+01
7.438527625745659577e+01
7.155522678239262291e+01
7.119241669691527363e+01
6.759611739312443035e+01
6.685259295818936209e+01
