-4.914800546769301448e+00
-1.159729283072561845e+00
1.403316475909620387e+00
2.340575396359702243e+00
1.452739105674942799e+01
2.525717116907923554e+01
2.751485722202256312e+01
2.435609175247668290e+01
2.567512905434766779e+01
1.399265309189190631e+01
3.012063863013542431e+01
2.024440334829969146e+01
3.201796775046236121e+01
2.885656643847717007e+01
2.454291786530349739e+01
3.020354707627565105e+01
2.801237877507434604e+01
2.847642573175831515e+01
3.790521115959530363e+01
3.516147142645479562e+01
4.271749647331237298e+01
2.710988467866142315e+01
3.278457405241280043e+01
2.463328337992426853e+01
2.736800481875622637e+01
3.639533986312095237e+01
3.503541704879154395e+01
3.412565032889737893e+01
4.041712672072289791e+01
3.902324893435790187e+01
4.393579688092496127e+01
4.479252738883209162e+01
4.531963002803024665e+01
4.354966222609903781e+01
4.627610004449487491e+01
4.222991091121419061e+01
4.627104921536963644e+01
4.536249934548017393e+01
4.451549216659519459e+01
4.095730112449592752e+01
4.673346333988821755e+01
4.491087462436571087e+01
4.854854224533443130e+01
4.626171858083205279e+01
4.720581253406886901e+01
4.808249783354871454e+01
4.944633188915216238e+01
4.899120008230393353e+01
5.032971614277683159e+01
5.171299034647709192e+01
