4.459950964893772962e+00
1.395102353985249621e+01
1.091883338832741757e+01
3.850186376395850374e+01
3.847588424572604993e+01
5.215846316266673455e+01
6.645005494021697245e+01
6.491797920095289953e+01
7.091964438134834836e+01
7.044236057607903945e+01
7.237606010735439099e+01
5.148351407183069739e+01
6.057091739920607409e+01
5.439060964206987592e+01
6.877607430040231407e+01
6.931918769290591342e+01
6.845668128587527690e+01
6.242726911195677530e+01
7.163103403733686037e+01
7.358976193579823644e+01
6.321847266101616469e+01
7.401981640940182672e+01
7.944524272552658317e+01
7.761530257900625429e+01
8.376605592874008721e+01
8.050319171553607589e+01
8.591185965235260369e+01
8.337876128959311472e+01
8.120905226624849149e+01
8.559903472223054166e+01
8.536688464589126113e+01
8.496207480994577566e+01
7.715629067655490303e+01
7.451958220640406694e+01
6.706322531990916502e+01
8.680687284206553045e+01
8.509034530612835567e+01
6.944067823408821027e+01
8.791389927227092471e+01
8.646919835444046498e+01
8.538649010914126336e+01
7.560244852944519778e+01
8.366627369956626126e+01
7.011340569443947857e+01
8.307767291783159180e+01
8.180386624387048755e+01
8.456475041529253645e+01
8.919148687692356248e+01
8.671093237975379964e+01
8.682937000219217794e+01
