6.149844243679819300e+00
3.859629724576817189e+00
1.639052106232279726e+01
2.230274326237154625e+01
2.545915731396363668e+01
2.653148240387828949e+01
2.677912881929395894e+01
4.539241052155360734e+01
3.843521834181557040e+01
4.510289384778874222e+01
3.190393541899859997e+01
4.971418096068211412e+01
5.316287484875973490e+01
5.314745654849075152e+01
5.731872296619759766e+01
5.147112552565234012e+01
4.976733765607088600e+01
4.667938970227795892e+01
5.025523757279945158e+01
4.761651337211937829e+01
4.691251849845574640e+01
5.556838498220187006e+01
3.574304123057817861e+01
4.923319290871201304e+01
3.550683395658955277e+01
5.389428293931823788e+01
5.391250491342302809e+01
4.418716121765466198e+01
6.003712024669368930e+01
4.289478242120299001e+01
3.954886051523430979e+01
5.311280571805568940e+01
5.773530211687793923e+01
5.091413885341599155e+01
5.174789627282579119e+01
5.551499634456801147e+01
5.682103515574889485e+01
4.811291244821018864e+01
5.649629870874331061e+01
6.125950358964257703e+01
5.262003119900573722e+01
5.660766477196557389e+01
4.851051969874409053e+01
5.956402515730363945e+01
4.851721225957210493e+01
4.362994694785068361e+01
5.733017779452221419e+01
5.443688182022022914e+01
6.637312173978418173e+01
6.410183489626368214e+01
