-2.600276950890504590e+00
-3.106542810274880217e+00
5.797398247571274865e+00
9.994139752711330260e+00
2.208939589761800093e+01
2.381382691771598559e+01
3.139896340385076456e+01
3.673052318355926360e+01
2.871277360930194078e+01
2.974935345993603164e+01
2.962813576146609051e+01
3.129541867026607704e+01
3.582063414992440187e+01
3.637135018570324263e+01
1.572053475159054514e+01
3.860648390214240067e+01
3.816328629279028206e+01
3.989213939199613890e+01
3.100804509313762836e+01
3.627170537260096950e+01
3.674538114429017099e+01
3.592824169811791535e+01
2.791835880978663198e+01
3.459790849892128506e+01
4.001598945137381236e+01
2.919166300233893452e+01
3.275802151121997241e+01
3.280658385783058151e+01
4.043747944277255613e+01
3.370939323064453674e+01
4.135194512939686717e+01
2.429219218455612861e+01
3.008661620103277556e+01
3.459474596905727140e+01
3.637488087575486873e+01
3.773109214046353088e+01
3.775276260899351399e+01
3.997756025518503975e+01
3.728906744847292032e+01
4.091026841820645643e+01
3.865392264356491125e+01
3.911846634995075078e+01
3.730732645656539859e+01
2.880927126489173062e+01
3.015020094975931642e+01
3.283630226863245127e+01
4.092881028642426600e+01
4.091653657885239426e+01
3.417888503755114016e+01
3.552962044164054589e+01
4.137252766054582764e+01
3.777449369042162886e+01
4.229966686858895741e+01
4.093949090866870222e+01
3.824273923742902781e+01
2.835173822663049847e+01
4.407824153826006608e+01
3.417309585847545605e+01
4.363458007848736031e+01
5.123922911013484338e+01
2.790455836387474164e+01
3.825408742843173115e+01
4.001635185045383025e+01
4.585771002143411579e+01
3.958555874983791512e+01
4.227632013900141317e+01
3.238964675882282762e+01
4.181016620358347780e+01
3.557336368344856226e+01
4.589389225586466381e+01
4.272827539950732501e+01
4.004052854855167709e+01
4.945692022201067317e+01
4.948221510309761584e+01
3.740981480406517079e+01
4.136185632881189633e+01
4.448990536999161094e+01
3.875653770524817787e+01
4.904685577460174528e+01
4.410762734462817747e+01
3.964844529514211047e+01
3.562769375552374385e+01
3.610401750602176918e+01
3.778403642488571279e+01
3.663624261979073538e+01
3.694825797678825552e+01
4.628899156055849318e+01
4.585946766078156855e+01
4.099891239964004797e+01
4.279037626984053588e+01
5.257330651246741127e+01
4.596404257410423355e+01
4.991582200398894997e+01
5.531280506268520014e+01
3.918700716336525858e+01
5.260654150207430035e+01
4.905421821801838433e+01
5.619284466840891668e+01
4.997474804231832479e+01
4.721547705366521086e+01
4.944530977981732178e+01
