1.681703188517163738e+01
2.111869028102377754e+01
2.208319685759871120e+01
5.394506894054973145e+01
5.563952160452796392e+01
5.077304874800589829e+01
6.277452299693178617e+01
5.806178083146062363e+01
6.987939698762541241e+01
6.689090349683394265e+01
7.257564068642383859e+01
6.744655507343033207e+01
6.544129522549920353e+01
6.560405284581584340e+01
6.743125618598739379e+01
7.161405876139255611e+01
6.980223128339706307e+01
7.913674240578306751e+01
7.375461433696770541e+01
7.065641532229997779e+01
7.590995281743984435e+01
7.282296098211256208e+01
7.146598879887463340e+01
7.408042308379910423e+01
7.260890336383296528e+01
7.110938759891344318e+01
7.312586459374190895e+01
7.863411965969217476e+01
7.231852022129895374e+01
7.860825941165897746e+01
7.306829511349314998e+01
7.434714391765376718e+01
7.842125802881596996e+01
7.837627183282648957e+01
7.491308528973107173e+01
7.310842790348490894e+01
6.583911860659621595e+01
7.204738201805623987e+01
7.569577607077673065e+01
7.295103382153644134e+01
7.495920871545938269e+01
7.543214540566241055e+01
7.390404306969757897e+01
7.706423190577496030e+01
7.728901513195823725e+01
7.350671547050538379e+01
7.572853069957118066e+01
7.285956105275458583e+01
7.293471228472023427e+01
6.924747652047480528e+01
