-3.542203992684109348e+00
6.089379667314138711e-01
1.401411747445629530e+01
1.771130064150524319e+01
2.691077228692735090e+01
2.386186928478382185e+01
1.006197975818328594e+01
1.763528490446050156e+01
1.849478599307962057e+01
2.652713917242205000e+01
2.345833688131448014e+01
3.003826722999708565e+01
2.877529903979752390e+01
3.406890383319608162e+01
3.544377538561317209e+01
3.321018092357212481e+01
3.318435349595726080e+01
2.824050688726280711e+01
3.414030998467071498e+01
3.592851807628527183e+01
3.595595547957201177e+01
4.623484300040394146e+01
3.679490530182624752e+01
4.381181825192351198e+01
3.764329661039612063e+01
3.728769552293861267e+01
3.504738691832280040e+01
3.285383207659201332e+01
3.365975724432440330e+01
2.469306263414409131e+01
3.861861970265783128e+01
2.289758918968138346e+01
3.638684518143805491e+01
4.624786080263175592e+01
4.264276609672015184e+01
4.528238330050247384e+01
3.198207280273468811e+01
3.532928745235967938e+01
3.784356314625850359e+01
4.282825587895051456e+01
2.881634261501696415e+01
3.066773579316529919e+01
3.957619327866053993e+01
3.786539624774773927e+01
4.225911660820433724e+01
3.638959071178716442e+01
3.923649208462514082e+01
4.148673149588126563e+01
4.097991655859852500e+01
3.334144310278136913e+01
