3.929533293189042986e+00
7.877090262313312330e+00
1.278862416588851225e+01
1.141209028932109959e+01
7.487874528864272072e+00
5.432632415584105701e+00
1.721478562946834856e+01
1.982115890627344612e+01
4.073647623692710340e+01
3.763637231254935500e+01
4.343634375090709199e+01
4.373420102946691657e+01
3.300216165081585018e+01
3.848443327312145357e+01
3.120681168958818219e+01
3.176439095699112158e+01
3.380931850822278761e+01
4.360246437720754642e+01
4.120264267499567978e+01
3.562827622104411063e+01
4.040506729095120164e+01
3.757301248790358272e+01
5.207663275116271961e+01
3.157806151156025720e+01
5.394214642111705871e+01
3.965444197472415055e+01
4.095375242834427354e+01
2.210034236398760044e+01
3.542994547557451313e+01
4.657457745493454837e+01
4.669733928228781394e+01
4.027447544941325219e+01
4.355381450315969971e+01
4.858508802246952740e+01
4.439039739702420917e+01
4.394736649699037656e+01
5.252639669469552075e+01
4.372829237929948221e+01
4.299988227881832614e+01
4.406263085557264958e+01
4.702522500529754268e+01
4.599861689516882279e+01
4.592857441391843309e+01
4.658832534818758120e+01
4.358878843790092361e+01
6.008696724015997859e+01
4.742685653711977523e+01
4.981690458859849002e+01
5.631913708713594957e+01
5.831579220047372303e+01
