2.828155622694257687e+00
6.797295219839820213e+00
9.270285788309452712e+00
1.019970029730417060e+01
1.940466350598698142e+01
2.639089523657089487e+01
3.152012233758179605e+01
4.336568964109792290e+01
3.939142813636505025e+01
3.813591909641952782e+01
4.951107889370287296e+01
5.442245107232933066e+01
5.061094501732615925e+01
4.654005534572999636e+01
5.489883554526115006e+01
5.096759887333583094e+01
5.434966636023010267e+01
5.288084795055508636e+01
4.688052961548818587e+01
5.458223441502970275e+01
5.239766850376203422e+01
5.993572799202161150e+01
5.786528536877374052e+01
5.663989252111108641e+01
5.440121040191890245e+01
5.462000623405151600e+01
5.711570412041294276e+01
4.653958108479559286e+01
6.230838963605943803e+01
4.016131839426792283e+01
5.635892153311655051e+01
4.991861528631848444e+01
5.116135070024918008e+01
6.349137483802796567e+01
6.280794237235049593e+01
4.920757187840641222e+01
5.868170340885158254e+01
5.466515487683442132e+01
6.498188592358960136e+01
7.146882213508425252e+01
4.970643820569092952e+01
6.960537418542229204e+01
6.639495564151039275e+01
7.250033324227713649e+01
6.708602733490015169e+01
5.992848315532113190e+01
6.539877315672632108e+01
6.141513885205154111e+01
6.986852725323754498e+01
7.029813245917361542e+01
