6.574233241211736356e+01
6.574233241211736356e+01
6.574233241211736356e+01
6.574233241211736356e+01
7.474233241211736356e+01
7.517399989261954829e+01
8.639140997390336452e+01
8.639140997390336452e+01
8.639140997390336452e+01
8.639140997390336452e+01
8.639140997390336452e+01
8.639342407327507090e+01
8.639342407327507090e+01
8.639342407327507090e+01
8.639342407327507090e+01
8.639342407327507090e+01
8.639342407327507090e+01
8.639342407327507090e+01
8.639342407327507090e+01
8.639342407327507090e+01
8.639342407327507090e+01
8.639342407327507090e+01
8.639342407327507090e+01
8.639342407327507090e+01
8.639342407327507090e+01
8.639342407327507090e+01
8.639342407327507090e+01
8.639342407327507090e+01
8.639342407327507090e+01
8.681791509328337497e+01
8.681791509328337497e+01
8.681791509328337497e+01
8.681791509328337497e+01
8.681791509328337497e+01
8.681791509328337497e+01
8.681791509328337497e+01
8.681791509328337497e+01
8.681791509328337497e+01
8.681791509328337497e+01
8.681791509328337497e+01
8.681791509328337497e+01
8.681791509328337497e+01
8.681791509328337497e+01
8.681791509328337497e+01
8.681791509328337497e+01
8.681791509328337497e+01
8.681791509328337497e+01
8.681791509328337497e+01
8.681791509328337497e+01
8.681791509328337497e+01
8.681791509328337497e+01
8.681791509328337497e+01
