4.111327854174516006e+01
5.103667646238559286e+01
5.103667646238559286e+01
5.103667646238559286e+01
5.103667646238559286e+01
5.103667646238559286e+01
5.103667646238559286e+01
5.103667646238559286e+01
5.103667646238559286e+01
5.103667646238559286e+01
5.103667646238559286e+01
5.103667646238559286e+01
5.103667646238559286e+01
5.103667646238559286e+01
5.631956709667112904e+01
5.631956709667112904e+01
5.631956709667112904e+01
5.631956709667112904e+01
5.661980597156937733e+01
5.830486754483084866e+01
5.830486754483084866e+01
5.830486754483084866e+01
5.830486754483084866e+01
6.013793479695586797e+01
7.154778075872903287e+01
7.245344426214467148e+01
7.245344426214467148e+01
7.245344426214467148e+01
7.245344426214467148e+01
7.245344426214467148e+01
7.245344426214467148e+01
7.245344426214467148e+01
7.245344426214467148e+01
7.245344426214467148e+01
7.245344426214467148e+01
7.245344426214467148e+01
7.245344426214467148e+01
7.245344426214467148e+01
7.245344426214467148e+01
7.245344426214467148e+01
7.245344426214467148e+01
7.245344426214467148e+01
7.245344426214467148e+01
7.245344426214467148e+01
7.245344426214467148e+01
7.245344426214467148e+01
7.245344426214467148e+01
7.245344426214467148e+01
7.245344426214467148e+01
7.245344426214467148e+01
7.245344426214467148e+01
7.245344426214467148e+01
7.245344426214467148e+01
7.245344426214467148e+01
7.245344426214467148e+01
7.245344426214467148e+01
7.245344426214467148e+01
7.245344426214467148e+01
7.245344426214467148e+01
7.245344426214467148e+01
7.245344426214467148e+01
7.245344426214467148e+01
7.245344426214467148e+01
7.245344426214467148e+01
7.245344426214467148e+01
7.245344426214467148e+01
7.245344426214467148e+01
7.245344426214467148e+01
7.245344426214467148e+01
7.245344426214467148e+01
7.245344426214467148e+01
7.245344426214467148e+01
7.245344426214467148e+01
7.245344426214467148e+01
7.245344426214467148e+01
7.245344426214467148e+01
7.245344426214467148e+01
7.245344426214467148e+01
7.245344426214467148e+01
7.245344426214467148e+01
7.245344426214467148e+01
7.245344426214467148e+01
