7.527315225241279961e+01
7.527315225241279961e+01
8.978814186652395790e+01
9.030283177470683142e+01
8.978814186652395790e+01
8.978814186652395790e+01
8.978814186652395790e+01
8.978814186652395790e+01
9.303616819497440815e+01
9.303616819497440815e+01
9.303616819497440815e+01
9.303616819497440815e+01
9.303616819497440815e+01
9.303616819497440815e+01
9.303616819497440815e+01
9.303616819497440815e+01
9.303616819497440815e+01
9.303616819497440815e+01
9.303616819497440815e+01
9.303616819497440815e+01
9.303616819497440815e+01
9.303616819497440815e+01
9.303616819497440815e+01
9.303616819497440815e+01
9.303616819497440815e+01
9.303616819497440815e+01
9.303616819497440815e+01
9.303616819497440815e+01
9.303616819497440815e+01
9.303616819497440815e+01
9.303616819497440815e+01
9.303616819497440815e+01
9.303616819497440815e+01
9.303616819497440815e+01
9.303616819497440815e+01
9.303616819497440815e+01
9.384936470590375279e+01
9.384936470590375279e+01
9.390936470590375507e+01
9.390936470590375507e+01
9.384936470590375279e+01
9.384936470590375279e+01
9.418001907417188079e+01
9.418001907417188079e+01
9.418001907417188079e+01
9.418001907417188079e+01
9.418001907417188079e+01
9.418001907417188079e+01
9.418001907417188079e+01
9.418001907417188079e+01
9.418001907417188079e+01
9.418001907417188079e+01
