3.684979969833005953e+01
-8.364051419485466710e+00
5.286976191865698382e+01
9.245383889761324525e+00
-1.607736197032215131e+01
-5.501644417431466394e+01
-4.895417729642252880e+01
-1.501917751060369000e+01
2.809723129792070395e+00
-6.507648741805748216e+01
-1.780562418592964491e+01
-5.683810386067317921e+00
1.423171763995840067e+01
-2.868260398894547691e+01
2.664571960297747211e+01
-3.658218243141151405e+00
1.894856928920008343e+01
-6.162764507686472371e+01
5.085585154234726701e+01
5.217204571063327023e+00
8.375842638814380336e+01
4.072016521187434535e+01
-1.796694045304884213e+01
2.336145669924621515e+01
-8.328596728718643760e+00
-4.046537637489582551e+01
-7.895351224506262611e+01
5.647707854613189937e+01
-9.803974900153475502e+00
2.838201647597034949e+01
-3.163031507695315625e+01
1.076189889086549378e+01
-2.653029613918872087e+01
1.559086513604845337e+01
6.781247690556202912e+00
-2.434946072185898203e+01
7.475581620178222586e+00
-2.432555388545897657e+01
-2.207431251758723079e+01
-6.946198987753324161e+01
-2.229221200282307436e+01
-3.430579103823890819e+01
-1.816140549558715378e+01
3.945485802104049355e+01
-2.199980077699571979e+01
4.319825210585435826e+01
2.667572066322961177e+01
2.768422089881097392e+01
3.361336616083466566e+01
1.180566053812983540e+01
-6.454484008645120241e+01
1.878085193841618405e+01
-4.814997587490895370e+01
-2.494308551303818433e+01
-3.764693609719900280e+01
-6.624470173257320482e+01
9.015806969908737756e+01
3.645530531627247939e+00
2.146087476921365678e+01
-2.298008368402865642e+01
-9.593770597372076736e+01
-5.470490816176446458e+01
5.086199099180610261e+01
-1.211858616863545564e+02
-5.709323254594265507e+01
2.856814031194313941e+01
-5.517410646801548069e+01
2.894324344224791457e+00
2.085530669328369058e+01
6.882179647652553456e+01
-1.110206033484919459e+02
-4.095984481391550958e+01
-2.376571244092327362e+01
6.966057446872747505e+01
3.134602410632762570e+00
-1.162666829408920677e+01
3.595948228701842453e+01
5.873187068960676527e+01
2.062048807659949645e+01
5.969108471885579092e+01
2.567408589224536897e+01
-3.183797695954333307e+01
1.776822817934137433e+01
-7.244218928864981422e+01
-2.103687456910992459e+00
-3.093088377203077499e+01
-1.741880942945526556e+01
-6.014103083827038176e-02
-7.081075237866879490e+01
3.296274444472309995e+00
-7.521787143708228029e+01
2.070220623539152882e+01
-4.388554414618629806e+01
-4.106130621995988861e+01
1.895339245705602949e+01
2.242524918338468254e+01
3.554850244553978200e+01
-4.261814762973374116e+01
-1.529778387462659595e+01
-1.572694460878312128e+01
1.906190624239390274e+01
-5.749737077459630541e+01
-6.224748155933939131e+01
-6.248041064254731047e+00
-1.385877212958472526e+01
1.321361231864264241e+00
5.669713475407904824e+00
2.891864145375008022e+00
6.130805340615498267e+01
-4.190820549618667457e+01
4.802508270834803028e+01
3.794514557006166200e+01
3.433100567475129150e-01
4.509978126430188894e+01
-6.594269975972501641e+01
-2.865019094667615818e+01
-2.810558656362777441e+01
8.473621316466889652e+01
-5.035212256113659635e+00
3.713668442768311095e+00
6.159300507903632038e+00
-4.647499056218482139e+01
-8.346681004882944421e+01
-7.826364463355719003e+00
-1.084724446211581039e+00
-3.042221149818369241e+01
-5.785853354124525083e+01
-1.207785711140947313e+02
-6.738646390737409675e+00
-8.143149912445527150e+01
7.555105748094987028e+00
7.964409013940812798e+00
-4.543173481517651169e+01
-1.348310017085968937e+01
-2.110119009054385231e+01
5.531191962902905601e+00
2.336564479305796915e+00
-4.724959953564265192e+01
-2.510759281882545935e+01
7.348287976332073868e+01
-1.622025093439681243e+01
-1.935844628416053581e+01
8.106888278469261877e+01
-1.422499236451195337e+01
4.452985402178927643e+01
-9.951648204120802532e+00
3.700502053161086735e+01
8.990945229434035468e+01
-4.993892071285947765e+01
-7.661456440207071950e+00
1.080714653352778676e+01
3.397017912557527808e+01
5.348778970465311033e+01
6.595810471124724472e+01
6.746059104804555062e+00
2.063056146687801906e+00
-6.917602980162341453e+01
3.060653729760826991e+01
2.333286880043669953e+01
-4.523669023426506186e+01
-7.707486718224505751e+01
-1.418669227866393534e+01
-4.771242393591634823e+00
1.524659772765101806e+01
-2.902846526332254129e+01
-1.478783889597898416e+00
3.127718346965415108e+01
-1.557403701731831269e+01
-5.075726801736368365e+00
-1.122152528433304752e+01
2.459566255036713045e+01
-9.654088525757359207e+00
6.776975557793462279e+00
2.373766625658586804e+01
-2.367605814387652430e+01
1.092213652230425680e+02
5.506745136894581805e+01
2.649855005140922870e+00
5.575423741982055503e+01
-1.583399334515913637e+01
2.178920427158083584e+01
1.148926130285452984e+02
-6.781585643653264128e+01
-1.096223448804935963e+01
-4.078979452956421881e+01
-1.119224802308987243e+01
-4.224904934690059122e+01
-2.077191724460741185e+01
4.752332937121165202e+01
-9.953848379200614716e+01
-1.587704030252291076e+01
7.605918073561301185e+01
3.700810729399729837e+01
-5.549013406667945958e+00
5.084803983769924685e+01
-9.597263709312412061e+01
-3.107502347916060614e+00
2.418410761621905891e+01
6.535390333741774782e+01
-1.138498057127128362e+02
7.345131869290403515e+00
-4.672462428386515398e+01
9.804144811202208487e+00
7.253197030832320991e+01
1.763626039619916952e+01
-1.029808827607249810e+01
9.177547758227001395e+01
1.712736635856954592e+01
7.855954466323535001e+00
9.586512549202126365e-01
-8.497865926518072399e+01
-4.615158551704720225e+01
7.925915345413633872e+01
1.310386725757166104e+01
-5.416662865582621578e+01
1.538067610936556129e+01
-5.817204821978189955e+01
7.350161064645199360e+01
-2.827922950730785701e+01
6.326498562531612890e+01
-2.905504386257272742e+01
5.021516241004004399e+00
5.896417841713512331e+01
-4.195095175448729918e+01
-8.902156931183338173e+00
1.944199304456937583e+01
-1.054430102384026213e+01
-2.221440887705025702e+01
8.370090066318503830e+01
2.523638503191882876e+01
2.245015649308073336e+01
-7.584056463154745131e+01
-3.597833843994011005e+01
3.004942961809229374e+01
-1.455302656463106992e+01
3.081188973913238627e+01
9.012169059550811312e+01
2.830995816283637723e+01
2.455031372903594900e+01
-8.832116649730801328e+01
-3.492258795496528023e+01
-7.081167129652324199e+00
3.539777908089606484e+01
-6.510585519332217075e+00
1.462781227720823907e+01
-5.624394030061130678e+01
-3.946974325029516706e+01
3.036371142501133136e+01
4.035311517939936721e+01
6.250989583935557903e+01
6.416946224738164517e+01
3.912152597191675341e+01
2.243329366915265410e+01
-5.886015366549849404e+01
6.757559223643241353e+00
1.821384492252418141e+01
3.850047892577998709e+01
1.827048097842020979e+01
1.294230053868406394e+01
3.017257806903423045e+00
-4.850790354694017736e+01
1.279242933454514741e+01
-4.603483610470836140e+01
8.493327117539399396e+00
2.055904343682520974e+01
