-1.803763289731434938e+01
-1.451616347360796055e+02
1.939464981880074390e+01
-2.864143552500580014e+01
2.154208757544482467e+01
1.214724677956414922e+01
-5.946898594653412573e+01
2.785979841154957626e+01
8.502561042320093065e+01
-3.286252503262075209e+01
2.327997966548282349e+01
-7.587647107602120400e+01
-1.304807032350379643e+02
3.130504304805714000e+01
-7.485373654760334716e+01
-4.452478603807389845e+01
-5.064759990866227213e+01
-9.548991876065052509e+00
8.161183857428241595e+01
1.062482228342376231e+02
4.414984831351245731e+01
7.517603948740408271e+00
-6.186619568314225148e+01
7.375770973929249408e+01
7.266581523600336823e+01
8.539913932107680239e+01
5.801387805904842310e+01
3.797288109727732319e+01
-7.604967411191475435e+01
1.288401997182717196e+01
-3.345520191087889117e+01
-9.750609567264518773e-01
5.465666697083668168e+01
4.678388840323499664e+01
-8.743162752824436268e+01
5.877864921210205296e+01
2.444560472091870906e+01
6.928093249373493734e+01
1.318022649091640801e+02
-2.832710097565795238e+01
-1.958230091899940462e+01
6.608384126685882265e-01
-1.610541355135101682e+01
1.495494380775198806e+00
-9.232199382623923611e+01
-6.898195689223139482e+01
-1.203047230166206560e+02
5.626870735656627431e+01
-7.029493990308523621e+01
-7.670736169347124189e+01
-8.703146295685797895e+01
-8.757339039556928384e+00
2.651541758292201934e+01
9.529373915861533817e+00
-4.481846447650445953e+01
3.876769019556672902e+01
2.200832195036477756e+01
1.376045724954768090e+01
-7.213781124399801570e+01
5.803211383039443660e+01
7.233533644554691477e+01
-1.543527901330438823e+01
-3.377948491816627552e+01
-1.364717995821722596e+00
4.386667017283488690e+01
5.363153280785539323e+01
5.136508422043765165e+01
2.582554132436165162e+01
-3.170053867631386169e+01
-4.597827535903154228e+01
-3.280522038552400943e+01
1.656022300341201969e+01
-4.617595333119759005e+01
-1.200698226068000452e+01
-1.014845594142122422e+02
9.400295036850178576e+01
-1.642188638664698601e+02
-3.166718979107061926e+01
-3.356646710161547986e+01
-3.499512912786715191e+01
3.349432173710818716e+01
1.362587527288095401e+00
-6.375211296829544949e+01
1.497162638557897765e+02
5.494993587014423042e+01
-7.803925380810137824e+01
1.997304573464992572e+01
5.606953600259457993e+00
-3.299347652152865962e+00
-1.287935048220036549e+02
1.618508803397082829e+01
1.052604815859890977e+02
2.315778078797762518e+01
-9.854682293240375657e+01
3.443261955522061157e+00
7.925664676109899176e+01
1.441806772624701694e+01
-2.645344532176975960e+00
5.605264197543490212e+01
-3.491333972183960555e+01
6.560417839610673241e+01
8.371043272702311810e+01
-3.759711946224593504e+01
1.093504420174690637e+02
5.990175509376776830e+01
-1.303109608470121827e+02
-5.805700686459206139e+01
-7.032709259517613987e+01
-9.475716908781571135e+01
2.060651271175974131e+00
5.307158588775475749e+01
3.949243482502350133e+00
8.915547244316073261e+01
3.411202646824715856e+01
-6.287801861025732819e+01
1.690011939403973713e+02
7.728298314039770389e+01
2.062243590738888344e+01
6.208005732411550071e+01
-4.436094898497895400e+01
-9.000977194354349820e+01
-4.572724251177534427e+01
1.219841038328973610e+02
3.573931789174918094e+01
-3.821622915939760112e+00
-4.807576557070110823e+01
-1.119242729986865186e+02
8.960479777366430199e+01
-4.399422186416899194e+01
1.047296220139368472e+02
-3.776907433759816968e+00
1.398668287596308346e+02
-1.909243872397750508e+01
1.501689843114088774e+01
1.170834300198605291e+02
-3.414441975055224532e+01
-7.798092632092621557e+01
-3.036866941651296514e+01
4.213395747657099122e+01
-1.170212271621950428e+01
3.649771671207014379e+01
1.409263490305515676e+00
-5.068938675676753292e+01
-1.082757107761814268e+02
1.122083138100337578e+02
-2.097752705090775294e+01
1.316827100060119733e+02
-1.001642287333678780e+02
-2.123454591892832610e+01
-1.139978761403598924e+02
-1.168665649816916527e+02
-1.273513290562180771e+02
-3.720723255006640784e+01
-6.346039210640171291e+01
-3.862679171102871578e+01
-1.866616633283785376e+01
-3.452642389446241822e+01
-5.704733651599872957e+01
9.233498068534365188e+01
-3.503918175530358070e+01
4.330965331085171499e+01
6.540263673291504176e+01
-2.949013598600240726e+01
1.096282987860036400e+02
-2.649727511649283684e+01
-5.774520663674189080e+01
9.616150071795925669e+01
4.396979851211943924e+01
7.588222022717665993e+01
-4.517697246166150649e+01
-2.565956848272060853e+01
-5.930090572329459064e+01
3.817396791434747882e+01
5.434365889610924683e+01
-2.189170136424056423e+01
-9.689233391840880927e+01
-1.081153005403171221e+02
6.302781637228414446e+00
6.271518813330254005e+01
-2.261366513371952536e+01
-4.388083036946605375e+01
3.725248867293041144e+01
-8.672013498975377388e+01
-5.391473732693629728e+00
2.294447670393721950e+01
2.459492077960083734e+01
1.766755797686115415e+01
-2.809682098872861289e+01
1.607638650556301485e+01
1.222263071758369790e+01
1.018704416525161207e+02
-5.205886175544793559e+01
5.206350005760204169e+01
4.142628742821572985e+01
6.055676828276445178e+01
2.217559195110431602e+01
8.460818698766697565e+00
-1.714834508682154279e+01
-2.858581587601728202e+00
4.009169044784961500e+01
-3.148216715533897769e+01
7.775425330472032215e+01
-7.065882271996578368e+01
-6.062168387077900888e+01
3.761101871964795862e+01
7.218374764099471008e+01
-4.508690192882053793e+01
-1.475622054675016592e+01
2.010627792847586548e+01
2.414462390028157657e+01
-3.627512429478794331e+01
2.790302997088748782e+01
2.901958877782298885e+01
1.217292561690964305e+02
1.811707266999770383e+01
3.095560286801105221e+01
8.641531420853705470e+01
1.331959425221423032e+01
-7.672474743025068733e+01
-5.940228347232698525e+01
-3.116329138716678315e+01
7.248688839990288102e+01
2.523814371634032128e+01
1.378908824218418090e+02
1.569465468314881917e+01
3.094730185159349745e+01
1.253604773378265378e+02
-6.776994331747211220e+01
5.082801290446116838e+01
3.703605347329562392e+01
6.031526509808278291e+01
8.069807629282954053e+01
-1.387370418494965918e+01
7.460005319953144465e+01
4.373665818415060613e+01
-3.956525768029312218e+01
-1.477487043767598962e+01
1.004489114523461097e+02
6.945033898110168025e+01
2.910013805617325033e+00
-1.686334582223155110e+01
1.110790184827062177e+01
-2.779881525928449904e+01
1.405393752025422600e+02
-8.747929681493141629e+01
-3.726624417712632464e+01
-4.242066909818126419e+01
3.110673493660470257e+01
5.121071392072286699e+01
5.601302114864282800e+01
-9.484689905430383305e+01
3.604437991226105709e+01
7.965108608402265133e+01
5.026900068857473514e+01
-2.606415241819992090e+01
-2.534124885127573990e+01
-2.398423998191291773e+01
6.642349449923970894e+01
2.529543127928004509e+00
8.459571410065585439e+01
1.836742724232990724e+02
5.047171148034551180e+01
-1.009748515408281548e+02
1.765091555630762628e+02
3.619919685155983302e+01
