-1.228116843771754105e+02
7.017458030594312390e+01
9.354074571073302025e+01
-1.472733109928023225e+02
-1.777742317880170830e+01
-4.903055590244710515e+01
-4.005334567351497554e+01
4.436103621409477427e+01
5.352979902104194565e+01
5.184352691895671228e+01
7.407840236048564009e-01
-1.668444417412668486e+02
1.293205830714411420e+01
3.837772790891676777e+01
-1.612131639525175615e+02
-8.193811166751231667e+01
-1.131653474594839395e+02
-9.160055600630732897e+01
-8.465405482102320889e+01
1.055758038887145176e+02
2.444743283922237254e+01
8.325764082829275026e+01
6.500271525261072725e+01
-2.183244240867871895e+02
-1.403814110515173468e+02
-1.313636065475028047e+01
-4.203040156761976931e+01
-6.202696288249205026e+01
-1.121109267852213804e+02
9.638629393098003106e+01
-5.688446145429099943e+01
1.474986382149063147e+01
-8.976486743378058009e+01
1.299852998505984942e+02
-1.688813006258234850e+01
1.672780287445674929e+01
5.714871013480339457e+01
-2.525928874578909600e+01
-6.157541863258168746e+01
-3.566901541923630248e+01
9.812697366571244117e+01
-3.600143287571781769e+01
1.390301775518237832e+02
2.780337461601002147e+01
-5.528730916010767515e+01
4.068344859976150474e+01
1.787256813919981813e+00
1.265059961838169045e+00
1.000979729046804607e+02
-5.098975582422511366e-01
-1.387622909682967531e+01
1.004291695532756137e+02
-5.134506904601666122e+01
-5.846536595368128530e+01
1.750497494064565274e+02
-6.461960335311111692e+01
4.856202945257195580e+01
-3.514920657182673125e+01
1.763425330698679971e+01
1.062306810238624450e+02
1.266275392703530684e+02
-1.039541681161226876e+02
3.869043356160776170e+01
5.845484501130130184e+01
-7.241924554025618477e+01
1.073169819866253363e+02
3.295863021783720370e+01
-2.068053723094621077e+01
1.302593318746890816e+02
1.019590886687024209e+02
-1.202950805433641079e+02
-1.194714801941657356e+01
-2.764544537655378775e+00
-1.095677202472738543e+02
-1.204377465464618524e+02
9.036063811803335000e+01
-2.374831340429119564e+01
1.449914442607441245e+01
1.076078414229669278e+02
5.993365155106032915e+01
-4.483042934936900537e-01
1.157510866166760621e+02
5.520790783963001047e+00
-2.788270217973994392e+01
3.891882878676601365e+01
4.750486759647279911e+01
-4.526758576331010886e+01
-5.654595824966597917e+01
-4.533267580137127339e+01
8.696556279118155430e+01
1.139831352673976994e+02
1.206512403473931982e+01
-4.472793587377864100e+01
4.284417809994978654e+01
9.348080242809474782e+01
-1.493547398028888296e+01
3.351660333447053119e+01
-8.229005720543115387e+01
-7.535871758553402344e+01
8.026697127254717401e+00
-4.353331285742678602e+01
-9.575291243925389040e+01
1.103965117915364402e+01
-6.429074645747135719e+01
3.833249830341267028e+01
-3.051655312685510779e+01
-7.699218082403233154e+01
-9.680344358398248517e+01
-6.003008888053891212e+00
4.948768175421250959e+01
2.055528571520768466e+01
3.549118912796932790e+01
-4.585587600932814922e+00
-1.141860500825509490e+02
2.941298021818006347e+01
-3.552441836853497392e+01
1.178835492842081223e+01
1.028383430720504634e+02
2.327710501755537109e+01
-1.216646839338351356e+02
-1.897013389992729770e+01
-5.590571375307699498e+01
-4.383415552995614917e+01
-1.338449745788107634e+02
-7.094481043926239749e+01
2.528482643846321309e+01
4.923299330407855479e+01
-1.523864443470353365e+02
-8.241597302166910310e+01
2.469403757670573185e+01
4.877609620332396645e+01
-1.305944500316295205e+02
-1.923587105480620778e+02
-7.171971312509015206e+01
7.462954265837484513e+01
9.890435197010550894e+01
3.778367182384720024e+01
1.622629948567144140e+02
-6.141912653376969899e+01
6.390754467024201801e+01
-6.687041618761570305e+01
-9.331749083296494973e+01
-8.966865361082042796e+00
-1.384162040920667494e+02
2.859734942483818898e+01
1.090090895672553160e+02
-7.636845382236776913e+01
1.429661481374742493e+02
7.313758785872904866e+01
9.602307643748338251e+01
7.507730834456805269e+01
4.400162482970461042e+01
2.108918088951046599e+01
5.268193076252208584e+01
-9.964679747992973091e+01
4.982581603902003309e+01
-1.124051794371551836e+02
2.022461628300348480e+01
2.092561553574534372e+01
1.345446301589017679e+00
8.686879593678582978e+00
-1.868738229552799339e+02
-2.730162449855935947e+01
-4.481159966441931886e+01
-5.526675873718710363e+01
-3.467783105055183057e+01
1.001573524598111575e+01
-7.816407199492914515e+01
-1.287999244200095177e+02
4.657771791151794361e+01
-5.010818158210869910e+01
-1.497421478814253533e+02
7.438143748487223661e+01
6.126015965563804144e+01
1.302401908473209176e+02
-8.734383253999617125e+00
8.395859845688485734e+01
6.106369457495945596e+01
7.047073175898032105e+01
8.310666467881615915e+01
-4.719984923069537075e+01
-6.014350948844331413e+01
7.399995597177847628e+01
4.820044527733330142e+01
9.064205971653630911e+01
1.808236433486330341e+01
6.835536801082373870e+01
-2.632089383696083473e+02
6.452482062535746365e+01
1.264785458575266119e+01
-6.265452591531470716e-01
-1.230709712106141183e+02
-2.596630700634196032e+01
-1.378731346357376992e+02
8.213173922147041139e+01
2.396695171995737184e+01
2.448263663632576836e+01
3.692507339763155727e+01
1.228432451585290011e+02
8.234776608083993210e+01
-5.335950540130865960e+01
1.164729802822137827e+01
5.274396441171393946e+01
1.549862984791150495e+02
8.587511457316868047e+00
-1.447099406488798365e+02
1.609811612374670631e+01
5.627161783251686700e+01
-7.641328027213856444e+01
-1.859458941076761107e+01
1.137186189992957850e+02
6.454354136477364534e+01
7.262694230534236794e+01
1.358371767965309118e+00
7.910056387614081075e+01
7.550957194486942115e+01
-7.734759884212409986e+01
-8.901019515323525866e+01
4.168254404208448705e+01
-9.235116298962773840e+01
-1.355209300182872028e+02
1.666356221271929030e+02
-3.280844800625856550e+01
1.837526787291510004e+02
-1.091581201062430395e+01
-2.589785431713382735e+01
-1.171240359716007333e+02
-1.530465764323580657e+01
-5.568185294277331110e+01
4.840932066469407147e+01
-7.367271026193007799e+01
-4.498580162131489146e+01
-3.514355707930085515e+01
-5.983380232673006560e+01
-9.954504716678911791e+01
-4.495437625777594093e+01
1.098025767081537936e+02
8.447714738805135681e+00
4.910489961856166019e+01
1.440217202777567707e+02
-1.466827388216315171e+02
1.032327017972410204e+02
1.187580942567727647e+02
6.925422624488739132e+00
2.779641106463254019e+01
-8.154758612750767099e+01
9.944289499766512108e+01
1.588549703999167093e+02
1.419496705389333897e+02
9.245731239578464056e+01
1.556466022408766747e-01
4.285265795173248904e+00
8.159279916535064103e+01
-9.445078096326754746e+01
-1.548784885725769556e+00
-5.870749625330755350e+01
3.711841356189428609e+01
-3.210832424949156660e+00
3.868342757538370336e+01
4.237005843857532739e+01
9.113807787368607194e+00
1.128750679510232047e+01
7.049363879077597517e+01
6.621404699293731255e+01
4.604687129130763168e+01
