5.674233241211736356e+01
5.674233241211736356e+01
5.674233241211736356e+01
8.539140997390336452e+01
8.539140997390336452e+01
8.656755198344947644e+01
8.656755198344947644e+01
8.656755198344947644e+01
8.703879267830492950e+01
8.703879267830492950e+01
8.703879267830492950e+01
8.703879267830492950e+01
8.703879267830492950e+01
8.703879267830492950e+01
8.763879267830492381e+01
8.763879267830492381e+01
8.763879267830492381e+01
8.763879267830492381e+01
8.763879267830492381e+01
8.763879267830492381e+01
8.763879267830492381e+01
8.899342407327507942e+01
8.899342407327507942e+01
8.899342407327507942e+01
8.959342407327507374e+01
9.041998334634742207e+01
9.041998334634742207e+01
9.041998334634742207e+01
9.041998334634742207e+01
9.061998334634742491e+01
9.061998334634742491e+01
9.061998334634742491e+01
9.061998334634742491e+01
9.061998334634742491e+01
9.061998334634742491e+01
9.061998334634742491e+01
9.061998334634742491e+01
9.061998334634742491e+01
9.061998334634742491e+01
9.061998334634742491e+01
9.061998334634742491e+01
9.061998334634742491e+01
9.061998334634742491e+01
9.061998334634742491e+01
9.061998334634742491e+01
9.061998334634742491e+01
9.061998334634742491e+01
9.061998334634742491e+01
9.061998334634742491e+01
9.061998334634742491e+01
9.061998334634742491e+01
9.061998334634742491e+01
