3.907041085661010271e+01
3.907041085661010271e+01
5.726990021702642508e+01
5.726990021702642508e+01
5.726990021702642508e+01
5.726990021702642508e+01
5.726990021702642508e+01
5.726990021702642508e+01
5.726990021702642508e+01
5.726990021702642508e+01
5.726990021702642508e+01
5.726990021702642508e+01
5.726990021702642508e+01
5.726990021702642508e+01
5.726990021702642508e+01
5.726990021702642508e+01
5.726990021702642508e+01
6.615935834262660364e+01
6.615935834262660364e+01
6.615935834262660364e+01
6.615935834262660364e+01
6.615935834262660364e+01
6.626990021702643219e+01
6.626990021702643219e+01
6.626990021702643219e+01
9.490013357217580392e+01
9.490013357217580392e+01
9.490013357217580392e+01
9.490013357217580392e+01
9.490013357217580392e+01
9.490013357217580392e+01
9.491859563501553509e+01
9.491859563501553509e+01
9.491859563501553509e+01
9.491859563501553509e+01
9.491859563501553509e+01
9.491859563501553509e+01
9.491859563501553509e+01
9.491859563501553509e+01
9.491859563501553509e+01
9.491859563501553509e+01
9.491859563501553509e+01
9.491859563501553509e+01
9.491859563501553509e+01
9.491859563501553509e+01
9.491859563501553509e+01
9.491859563501553509e+01
9.491859563501553509e+01
9.491859563501553509e+01
9.491859563501553509e+01
9.491859563501553509e+01
9.491859563501553509e+01
9.491859563501553509e+01
9.491859563501553509e+01
9.491859563501553509e+01
9.491859563501553509e+01
9.491859563501553509e+01
9.491859563501553509e+01
9.491859563501553509e+01
9.491859563501553509e+01
9.491859563501553509e+01
9.491859563501553509e+01
9.491859563501553509e+01
9.491859563501553509e+01
9.491859563501553509e+01
9.491859563501553509e+01
9.491859563501553509e+01
9.491859563501553509e+01
9.491859563501553509e+01
9.491859563501553509e+01
9.491859563501553509e+01
9.491859563501553509e+01
9.491859563501553509e+01
9.491859563501553509e+01
9.491859563501553509e+01
9.491859563501553509e+01
9.491859563501553509e+01
9.491859563501553509e+01
9.491859563501553509e+01
9.491859563501553509e+01
9.491859563501553509e+01
9.491859563501553509e+01
9.491859563501553509e+01
9.491859563501553509e+01
9.491859563501553509e+01
9.491859563501553509e+01
9.491859563501553509e+01
9.491859563501553509e+01
9.491859563501553509e+01
9.491859563501553509e+01
9.491859563501553509e+01
9.491859563501553509e+01
9.491859563501553509e+01
9.491859563501553509e+01
9.491859563501553509e+01
9.491859563501553509e+01
9.491859563501553509e+01
9.491859563501553509e+01
9.491859563501553509e+01
9.491859563501553509e+01
9.491859563501553509e+01
9.491859563501553509e+01
