6.960848248284550266e+01
-4.495955521253794984e+01
4.724757411506973881e+01
-1.168921538856922524e+02
-9.163724010380222751e+01
1.809874789568292641e+01
1.173698173733132393e+02
8.582309854751841272e+01
-3.153699101469571175e+01
-2.699414679408365458e+01
5.406244439671556279e+01
-1.917300668263205665e+00
2.961931692658607673e+01
7.133467879341455387e+01
4.175489678869972465e+01
-3.674083236440088029e+01
7.589716955796833986e+01
-9.535087163391413867e+01
-6.268084707433784786e+01
-1.213873163114585054e+02
3.201094381638650788e+00
-1.132397445617274201e+02
3.530644689298298999e+01
2.847134756214274276e+01
3.170640097729775775e+01
4.938036558536738596e+01
-6.278523436763087773e+01
-5.461550801597435623e+01
1.821881721882159866e+01
4.795773539544704533e+00
-8.743704465399511605e+01
-2.961841578648352424e+01
-5.403263857156324690e+01
-3.983174443359884265e+01
-6.337850100432047640e+01
-3.865557792303441431e+01
-3.435892037111246111e+01
1.268817232493972966e+02
9.523885326523958028e+00
1.271120929990549797e+01
1.095700565172050318e+02
-2.896729350729799535e+00
1.922620554207538390e+01
-7.933900882417631806e+01
9.235896758507151105e+01
4.539145467470053319e+01
-9.645821890465596482e+01
-1.256908927033839518e+02
-4.506988586962640397e+01
-2.833123862579943619e+01
-9.901577824890304669e+01
1.065822592783749485e+02
6.943764925601134053e+01
-1.139500866868410895e+02
-6.571782461103089190e+01
-4.103534623932668524e+01
-6.959094848414963508e+01
-2.562185912423371548e+01
2.456296303256099378e+01
6.294314105430406414e+01
-2.271508504571268361e+01
-9.207904849102320100e+01
3.012898451064458527e+01
-6.509737564720429859e+00
-6.417333339214172838e+01
-2.822882538610496539e+00
-9.527781927977311227e+01
6.679732230693292649e+01
1.699417957480711294e+01
1.148776095792452310e+02
-5.769143551827383476e+01
-4.527390682437257396e+00
-5.717270474335305153e+01
-8.050878013586219595e+01
3.164266067185643294e+00
2.420913516470122318e+01
4.435188865502917110e+01
-1.106833986377890398e+02
2.271137532813732562e+01
1.721202416328617701e+00
-5.991297536030689486e+01
2.620693302802347091e+01
-1.256266797539323932e+02
5.113295983630694508e+01
4.565300626642530801e+01
5.118985701535346067e+01
1.987788882133446577e+01
1.130264490983082837e+01
-3.607668795931652994e+01
-3.028555313703409269e+01
5.727051886962357230e+01
-4.967253966704134172e+01
-6.205603081814032862e+01
2.789861581230591980e+01
4.480187325517228913e+01
1.698249327824262167e+01
-1.147348156028422181e+02
-7.960841575354862698e+01
1.134003319099127367e+02
-3.688678381499798320e+01
2.410321722908110686e+01
5.905120299477039936e+01
-2.044502764208802503e+00
-2.009068621369173968e+00
5.291197143419096705e+01
2.730664002662898326e+01
6.846514229757129044e+01
-3.289822843267234731e+00
9.934332430600596808e+01
-8.263384981138085550e+01
-3.792108278393503440e+01
4.304743370787841883e+01
4.354571568004122639e+01
-1.880621942153982928e+01
-5.034093168460664458e+01
-5.492365350576368854e+01
-4.238108561035950572e+01
-4.396137837530795878e+01
-1.417870789441969137e+01
-5.296029993192608032e+00
5.709962377678953871e+00
6.308413838589484612e+01
1.353814615520422819e+02
1.528806314181393873e+02
2.917074337737251710e+01
-1.076723101696756757e+01
-5.170843525414535691e+01
-2.068690264966552661e+01
-5.834548385775936197e+01
-1.280803547349347298e+02
-5.627771829407961945e+01
1.172588128615476819e+02
3.409740680837353466e+01
-9.240235325305545189e+01
-5.542217418455407341e+01
-4.580550977653577149e+01
-2.525301081417838844e+01
-1.665830930172522528e+01
4.121773855311543855e+01
1.718203046601534467e+01
-3.913747506828055833e-01
5.634291732833531796e-01
1.009014649121215115e+02
-6.689174480774080678e+01
-9.706170323805656608e+01
-1.086742033874890581e+02
5.193659823402289533e+01
7.836237005086748297e+01
-2.681079240283388998e+01
2.296826844815416990e+01
-3.105096275019371888e+01
3.494769662481716210e+01
1.693116148167325363e+01
-2.615920944999918518e+01
-5.582898469547566833e+01
-3.270277283969944904e+01
-1.080654519333662833e+01
-2.890659350428497731e+01
4.101497712800193085e+01
2.343864114462450132e+01
1.156204217221459345e+02
9.128305393451431371e+01
3.889292842422644725e-01
-2.075508853148512856e+00
7.643515147679970312e+01
3.426975515163586294e+01
3.482639347309256550e+01
-7.029888781885277638e+01
3.804976135658492353e+01
2.086804343772865167e+01
-9.642814508683576946e+01
-1.802506860367964237e+02
5.321270398215238373e+01
3.289358045577571943e+00
1.678278938320871561e+01
-2.462871487580407859e+00
9.217466063796371145e+01
-6.797827875539304898e+01
5.507745521338463845e+01
-1.154525285855078494e+02
1.030537523084904805e+01
-1.145546253652494499e+02
5.410882761272992525e+01
-8.303415237524660597e+01
-1.532993432788780197e+01
-1.009340216335798459e+02
-9.355893327613006250e+01
-2.954701715591397715e+00
6.323589441801986766e+01
8.650295721566470775e+01
5.122366344854935960e+01
8.908862924523010207e+00
8.939489515006168574e+01
1.315578860263408956e+01
-5.039895212552174542e+01
-9.912631886529381120e+01
-5.447803587671830883e+01
6.804136609683453685e+01
-1.839618948121855340e+02
-9.119873412853183936e+01
1.165721274819678754e+01
2.550556945694251709e+01
7.908548848909623530e+01
-4.277464600803369876e+01
-1.134119186456189823e+02
-7.647567612076670684e+01
9.667073853410731488e+01
8.213975361240282780e+01
1.249733988458104079e+02
2.601902284169807444e+01
-4.022506409126458493e+01
-2.017425107971615716e+02
4.190691487984062746e+01
1.059927586048119110e+02
-1.597833769768816978e+02
-4.287554745107070886e+01
-6.126039465155398744e+01
1.181370814328596168e+02
-4.479707767079806047e+01
7.135823736517620830e+01
-1.794870638567282413e+02
5.570475012798894454e-01
1.100518016756467290e+02
2.385559788049030772e+01
-5.879361991956863420e+01
-8.904575607565715245e+01
-6.939644006539812437e+01
-4.273369462727981727e+01
6.997769219529112661e+01
-1.346519563296651967e+01
6.668520946776922642e+00
4.253733059420494556e+01
-3.728920790143197905e+01
-1.233998288285699232e+02
-8.283291160867267422e+01
-6.882661819303207551e+01
3.437367142336132275e+01
-3.148903863395867830e+01
-2.183801476490041082e+00
-1.007621725163187421e+02
-4.896674820575560716e+01
2.500536115777656221e+00
4.065760964974949765e+00
-6.719436126983315205e+01
-1.025459225887361825e+01
-8.907360408214290715e+01
-3.203870799677277859e+01
7.009203877350041978e+01
-4.586897334598215537e+01
9.813770119285237570e+00
-3.610011854131789732e+01
1.918424586450275910e+02
2.583208951515646135e+01
4.735340455218572231e+01
-1.040957517621644435e+01
-7.637904947373115760e+01
-1.411094366715281581e+02
4.113634583903300523e+01
-3.186031539947098068e+01
1.013320342949166957e+02
6.126624933961402775e+01
6.816978614686516380e+01
-1.997516632171035056e+01
1.015132913056979334e+02
9.052335757083830003e+01
