2.272628893312615972e+00
1.991381843972482102e+01
-8.622464709775378822e+00
-8.270949146512380423e+01
-7.510608772053197413e+01
-1.190614275654406526e+02
1.151061924273538750e+01
1.179243631894846089e+02
-1.101097714348268113e+02
5.080601501431419820e+01
1.127914733290684879e+01
6.161957838491217387e+01
7.052712826129892676e+01
1.097677940856805918e+02
1.095195780598074577e+02
4.207460652849311344e+01
7.578039685380764467e+01
2.864970486872081779e+01
-1.467163691415864832e+02
-5.222684465386700481e+01
-7.768648408881884393e+01
-7.906226938098731694e+01
-2.928641503921887335e+01
1.944090234715577026e+01
5.221775647792510711e+01
-1.111001152474402716e+02
-8.267599768186636311e+01
1.445790313866830843e+02
-3.181628335730629686e+01
-1.529988920113246920e+01
2.676146757249756547e+01
-2.683768308162102301e+01
1.109993699014175093e+02
-1.726925843523966364e+01
9.235425263991768929e+01
2.670671376598714630e+01
-2.727084088649800009e+01
1.660127692425004398e+02
-1.214662533509734743e+02
-4.329580015852083363e+01
1.323053925721809208e+02
-7.653555494112278268e+01
4.596732006786313462e+01
-9.792689345824987868e+01
4.722502145374277660e+01
-1.808554776885026172e+01
6.581810371651795322e+01
1.091068348087902109e+02
-3.750695054743597012e+01
-1.344876345235831927e+01
-5.589100691299548629e+01
-7.191916155069282013e+01
-9.336701597712374223e+01
-9.526408249488770252e+01
-7.528221992702600573e+01
2.082886835881803478e+01
1.040964192772203774e+02
-1.218954661279994411e+00
3.045931095390460186e+01
-6.709366422268036700e+00
-1.117969263226575265e+02
-1.029579976782217727e+02
-3.366909835912704985e+00
-1.079377108378707391e+02
3.423579957624507131e+01
-1.031039554793455011e+02
9.547248730490311175e+01
5.236088865624481059e+00
1.012317224000521065e+01
-7.579816028309886633e+01
-2.244189518136403549e+01
1.230328996236724493e+02
-6.156389080519056733e+01
8.758253744004775854e-01
-2.664008917823579026e+01
-4.411033002826602711e+01
1.192617266002439465e+02
-1.813202832410222243e+01
-5.645936990218200435e+01
-1.574801692536479720e+02
4.475554048217285441e+01
6.051354449952463455e+01
1.273397577215930312e+02
3.748892426361798869e+00
2.025282830584733773e+01
-1.084859390111905526e+02
-1.139405204457093106e+02
5.042034635993015002e+01
-1.185102007935118138e+02
-4.907259587107452603e+01
7.297630873205478963e+01
4.647275448563311429e+00
4.338043971363536855e+01
1.386360078447603428e+02
2.016523198213014112e+01
-1.980996443427127360e+02
7.623328746529217881e+01
4.958710090341295285e+01
-1.094167185373752744e+02
2.834387666450080800e+01
-6.486552706252604139e+01
1.434597839362838556e+01
6.230946732377712038e+01
-9.775319376759711076e+01
7.784289857793872613e+01
-2.937378545206099645e+01
6.596702132384262995e+01
1.809442303631099094e+02
-9.305717984137262988e+01
2.737356735973311572e+01
-9.257044222004488176e+00
3.415220455977861747e+01
-5.620824460048136473e+01
-4.060274889171737556e+01
2.908851080115983834e+01
-1.023474026643345098e+02
3.783944600312623407e+01
-2.462583016822205551e+01
-4.973890482969171245e+01
-3.115653915540595875e+01
-1.749977622237470882e+02
1.017033820122566397e+02
6.174470497772524169e+01
4.883001099064422590e+01
1.329591237468558518e+02
1.931581720863798068e+02
1.217936935719176006e+02
3.597370472562840860e+01
4.771037980111895394e+00
-6.631349784292123672e+01
2.196518188755382184e+01
5.924686160032918281e+01
-1.389325074858651305e+02
8.850482843679684208e+01
-1.247352251451589780e+02
2.423572062385217407e+01
-4.189317672694365058e+01
4.098820656653728634e+00
1.126021237839295992e+02
-7.292919728289157888e+01
-1.354023329779713549e+02
-9.780666599238766423e+01
3.824433770996287763e+01
9.232955499639604113e+01
-1.562138940044452511e+02
-4.362341382544228452e+01
-1.722246704036586493e+02
-4.339638746958167559e+01
2.512699025050511281e+01
5.984003458234933959e+00
4.696173231304408802e+01
2.334288546144900778e+01
6.730046944676639953e+01
6.521038410010106645e+00
-2.241408430686924476e+02
2.133851660202589784e+01
8.478029157377841329e+01
-1.722702077414761490e+01
-2.967470397614101074e+01
-1.312467142745517208e+02
-1.522224115177277604e+01
-5.593051090312620488e+01
6.675276467493651467e+01
2.569265460444220395e+01
7.509635441390972233e+01
-2.210021679789575444e+01
-1.919207360812662273e+02
6.240095607020293045e+01
-8.571181846909126989e+01
-1.743477917071401961e+01
1.524489873028037152e+02
1.085670224182551920e+02
3.418473874258488365e+01
-6.582674246824448971e+01
-5.826623043665127000e+01
1.052365080276247156e+01
-2.934952841202549507e+02
4.886002396716445162e+01
5.575928340058757726e+01
-2.558171759682846158e+00
9.927733260557717188e+01
-1.405385108608901135e+02
2.458250456384140747e+01
-6.977557439088572266e+01
1.259122115451944239e+02
7.164612994279679015e+01
-1.000625078512404684e+02
1.207432810895653574e+00
9.731478464716765586e+00
-8.654237335945768450e+01
-4.103418262584395393e+01
-1.143142287025880108e+02
-4.092595540088800021e+01
5.395339892351076827e+01
-1.971442954658757571e+02
8.329930181830093261e+01
1.050223968427387433e+02
-6.736248880470793665e+01
-1.505857227903449029e+02
-8.594792664468192811e+01
-7.536092182488678759e+01
7.060482235404570872e+01
4.941680021968132053e+01
1.076988025648887515e+00
-4.607791968903912050e+01
-5.442682628150069490e+01
-3.606649516523285115e+01
5.142655859656081674e+01
5.538088783858160724e+00
1.206613646728794578e+02
-1.280918379686220305e+02
-6.991531449675915155e+01
4.180704169855229679e+01
-3.191059002550665724e+01
-7.841568455986049457e+01
4.597906829590993993e+01
4.630743445457131457e+01
1.873567850001415991e+01
-1.034328062539325686e+02
-8.652435050916440673e+01
-6.922052099758060706e+01
-7.626811177127416386e+01
3.828232780185052775e+01
1.586341542748409381e+02
4.267506985542591735e+01
-1.130051846252754189e+02
1.697018728192289316e+01
8.488105870817558696e+01
5.162735300696433427e+01
2.497061116122697300e+01
-5.615223228021165625e+01
-6.676770793517677305e+01
-2.665380195819232512e+01
-8.617697783985968840e+01
-3.532691093624271161e+01
-1.299061905775560888e+01
5.186260878390322659e+01
7.519236006500067049e+01
7.261985360163112091e+01
-1.478773782185057826e+02
-2.013451138397117290e+01
1.841878143880477836e+01
-7.864827342523593501e+00
5.465834485006767807e+01
-6.399662746372366939e+01
-2.144632889763724748e+01
4.601325517663610754e+01
-1.804581967965578571e+01
5.511230481332173525e+00
7.740339207462668014e+00
-6.528321126758595483e+01
-7.100791368555135818e+00
1.437064936023962787e+02
2.472485068952575489e+02
1.450298241220579882e+02
7.340367654658710705e+01
-8.592846880391592279e+00
5.735891569254116718e+01
-6.446649956772503742e+01
-6.361029631356453251e+01
3.147693912829662111e+01
-2.626094185357256379e+02
-1.051887188464970109e+02
9.225632223118648767e+01
-1.826841446309387607e+02
