4.063885672622169665e+01
4.063885672622169665e+01
4.311469170458146039e+01
4.311469170458146039e+01
5.456793458176560563e+01
5.456793458176560563e+01
5.456793458176560563e+01
5.456793458176560563e+01
5.456793458176560563e+01
5.456793458176560563e+01
5.456793458176560563e+01
5.456793458176560563e+01
7.552091222741339038e+01
7.552091222741339038e+01
7.617437130383454758e+01
7.617437130383454758e+01
7.617437130383454758e+01
7.655478237483366399e+01
7.685371938041539863e+01
7.685371938041539863e+01
7.776609035991116059e+01
7.776609035991116059e+01
4.557278979461060686e+01
4.557278979461060686e+01
4.725540378324865998e+01
4.975675546575230612e+01
4.975675546575230612e+01
5.030690006806984371e+01
5.030690006806984371e+01
5.159807896036162589e+01
5.316919380774144344e+01
5.383511503502943185e+01
7.621894025172437637e+01
7.785406252042737663e+01
7.800746327151753690e+01
7.800746327151753690e+01
7.800746327151753690e+01
7.800746327151753690e+01
7.800746327151753690e+01
7.800746327151753690e+01
7.800746327151753690e+01
7.813992083092907137e+01
5.991578661040298215e+01
5.991578661040298215e+01
5.991578661040298215e+01
5.991578661040298215e+01
5.991578661040298215e+01
5.991578661040298215e+01
5.991578661040298215e+01
5.991578661040298215e+01
5.991578661040298215e+01
5.991578661040298215e+01
5.278977682756413969e+01
5.278977682756413969e+01
5.278977682756413969e+01
5.278977682756413969e+01
5.278977682756413969e+01
5.278977682756413969e+01
5.278977682756413969e+01
5.278977682756413969e+01
5.278977682756413969e+01
5.278977682756413969e+01
