5.926135007561111934e+01
1.379922737452869796e+01
2.051121188531308235e+02
1.235503178068262642e+01
-8.952168974133510915e+01
-1.692646887541186373e+01
-8.990410303632937428e+01
-3.870451669243943904e+00
-5.168439786406979408e+01
5.114935082379146536e+01
4.419439479465535214e+01
1.175943638090611785e+02
2.619948915058918715e+01
-2.006377165222588843e+01
-5.550439515672955793e-01
-4.858589970159009397e+01
-3.728690367156767849e+01
-3.315248209091655696e+01
-6.860761125681309025e+00
-1.924903733972136877e+01
-2.306319820703191681e+02
-1.366623735427351676e+02
-9.167522526844877007e+00
-4.068584558269693474e+01
-1.756707441193587727e+02
-1.989315902965597616e+01
-4.623266561650756046e+01
-6.435476622040800976e+01
5.153158612585897913e+01
-2.383222605381449455e+01
-7.265072834632967158e+00
-7.059954410413148196e+00
-1.646985296654672766e+02
1.753668405944566544e+01
-6.831160748543538830e+01
9.165030141507899941e+01
9.496645477884194975e+01
-1.725803867410904857e+00
7.283340665894915844e+01
5.086763750969137732e+01
-1.000225027509086289e+02
-1.280493599046572228e+02
-1.722582296723088291e+01
4.056679694861023933e+01
-1.389733610456132453e+02
8.249821002100787837e+01
6.901079780502332994e+01
-7.832795012804754720e+01
-3.351195626630539692e+01
5.268669370198984581e+01
2.080704765767585229e+01
1.061344115462887316e+00
-3.010250142696474285e+00
9.550263199840806294e+00
9.790668883163455405e+01
-2.049941786278004088e+02
-3.596385206905136300e+01
-2.270130787051679988e+01
3.681021843300775487e+01
7.826834734530083892e+01
1.089564727443541585e+02
-1.266645479455875716e+02
-2.826861120427291780e+02
-9.898588696647425422e+01
8.954808106907059084e+01
-5.119015956523190169e+01
4.791957850751649772e+01
1.046548971076797585e+01
1.497843105057051183e+01
6.705313744304609713e+01
1.478056986541945506e+01
1.701467172329000732e+01
-6.106328699731515286e+01
-3.979416447008772195e+01
-2.010121592681632308e+01
-6.695976827017067023e+01
1.875770718282268490e+02
5.113080897664998759e+01
-1.075166211291779632e+02
4.588149228938755186e+01
-1.403564756845547024e+01
-9.114364108164545542e+01
-1.591338788261433024e+02
-1.591946110530915064e+02
-6.986253530289854297e-01
3.135846761411363559e+02
5.899703654143939602e+00
-9.807850236306001079e+01
-2.023003788132130509e+01
-5.228487652116309903e+01
2.475091491476617378e+01
-1.081875808299416803e+02
-8.823510036001550816e+01
1.773448134254549302e+01
-1.875182078507696914e+01
-6.162708672687353584e+01
1.025113735468372766e+02
-7.230981448105349330e+01
3.725536525395187759e+00
-7.155117189804363065e+00
-7.234322730894527353e+01
3.265632890159689339e+01
-8.181378273060332162e+01
-3.857684949063546309e+00
-4.708917349888928072e+01
7.703071566563531292e+01
-4.268818496855399047e+01
-1.426391224132645164e+01
-9.694607276034597021e+01
-5.251791174795962291e+01
1.338851282975788592e+02
6.165606359227322031e+01
1.045912011883187915e+02
1.540311616594700084e+01
-3.774160402372768175e+01
1.319061048779291525e+02
3.424238160788394225e+02
4.170915345405316543e+01
-1.356758490275167901e+02
4.446357915037032171e+01
4.508104131383521462e+01
6.802829555859088373e+01
1.614498886521142822e+02
3.976701326774159639e+01
-1.044345024951417678e+01
2.043271212006279924e+01
-1.037526774803633458e+02
-1.857343111558598636e+01
4.518364745453575182e+01
-9.671611559315230977e+01
4.489721292638328265e+01
-8.482883718619236291e+00
-2.159387931637145996e+01
-1.238801998193920895e+01
-9.535086899000155825e+01
-8.478779299621900023e+00
-1.454607139416876294e+02
-1.429440646736439362e+02
-6.411287135165572693e+01
-2.736552757880051701e+00
-7.735652621152716790e+00
5.903211581274788955e+00
-3.067863995770069607e+01
-1.195828153155355622e+01
3.425033471702239041e+00
-3.796737805857989656e+01
1.656503685335497664e+02
2.250957847983313087e+01
-1.177284970718299206e+01
-5.708814115959150115e+01
-2.103692535580520229e+01
3.844822250635669292e+01
1.903122276581590313e+02
2.448074992105330594e+01
1.152934271845280705e+02
-1.120925485432339173e+02
1.863418867235785967e+02
-4.085239232803951381e+01
-2.027508715158147012e+00
1.072942017275047988e+02
-1.114231458516602302e+01
-1.846606172562539427e+01
1.134032532945261522e+02
-1.312775336442237339e+01
-1.798158654469069262e+01
7.085858445848640486e+01
9.399827715452693155e+01
-5.040254027653358548e+01
-1.486304088451067287e+02
8.839748175896008320e+01
1.430420145557413321e+02
-2.360587318934705081e+00
1.036601972225440704e+02
-5.195215443090123131e+01
5.353354381007378038e+00
-9.827996189741058686e+01
1.453008318347202135e+02
7.313040413006564222e+01
-1.991169222952726514e+01
2.783743992607880102e+01
2.039815332947222970e+01
1.491114134314096873e+02
-3.528690370326015824e+01
-3.845978453767609295e+01
-7.541541549302439762e+01
1.667389624936615888e+01
1.246664465889303273e+02
-4.252507522781036897e+01
-1.502043383675190569e+02
-2.631834676543633122e+02
9.325800291224938121e+01
3.372377349089425991e+00
-9.384909602386888139e+01
-2.222576734800087905e+01
6.992149621824474082e+00
-7.538659685013662681e+01
-1.272517810710121040e+02
-3.817360699898462606e+00
-1.774915353363406041e+02
2.764630021326638243e+01
-3.622395510768158999e+01
8.293469845302405474e+01
6.786062120616610116e+01
-1.229672453182603533e+02
-1.016206495748788541e+02
-1.049443980062836204e+02
-5.786763210816110359e+01
6.381948900759901733e+00
1.964631074754286999e+00
-1.307538035544839090e+02
-2.155062016901320021e+02
-4.179657765731047192e+01
1.430314653354725181e+02
-1.824542020546547505e+01
5.325220841873846211e+01
-8.382685134933892357e+01
-8.077407817422893288e+01
3.846981884934926654e+01
-5.698444354040476867e+01
1.426657455361200277e+02
-3.908061110711144437e+01
-1.995497260314816401e+02
6.862703595891578345e+01
-5.713726135803159423e+01
1.379486481653115959e+02
-9.083635290123911687e+00
-1.245424306473931608e+02
2.487233391444192421e+00
1.225548239912003794e+02
-1.026449980928455830e+02
1.089955385417850522e+02
2.299855912237332518e+02
8.620481231736658145e+00
-1.814292731576632178e+01
-7.335171124306337731e+01
-2.912248580618143023e+02
2.162008575005515922e+02
1.339129439907898984e+02
-1.312420124622699120e+02
2.248418838563634026e+01
-3.464557865416310278e+01
1.462779145526509694e+02
1.041144902583943690e+02
9.200635311062768551e+01
-2.918800454935995390e+02
-7.309294039258477937e+01
-7.688012244850055765e+01
3.804005615829506581e-01
1.735116368824266431e+02
2.098049006852577136e+01
-2.280462776093832247e+02
7.541536360596133193e+01
-1.972501992637815249e+01
1.684269419009385729e+02
4.998122752768941979e+01
8.154686791691690928e+01
5.089342427267344249e+01
3.640352593662822045e+01
7.092294640203910205e+01
7.859685839036079358e+01
-5.165371407699652906e+01
-1.816524916694429237e+02
1.769293399872152150e+01
1.587430083742677311e+02
1.125191017877576058e+02
