2.957675303646648146e+01
2.957675303646648146e+01
6.605982874727956755e+01
6.605982874727956755e+01
6.605982874727956755e+01
6.605982874727956755e+01
8.859788162462294281e+01
8.859788162462294281e+01
8.859788162462294281e+01
8.859788162462294281e+01
8.859788162462294281e+01
8.859788162462294281e+01
8.859788162462294281e+01
8.859788162462294281e+01
8.859788162462294281e+01
8.859788162462294281e+01
8.859788162462294281e+01
8.859788162462294281e+01
8.859788162462294281e+01
8.859788162462294281e+01
9.479051384715857864e+01
9.479051384715857864e+01
9.479051384715857864e+01
9.479051384715857864e+01
9.479051384715857864e+01
9.479051384715857864e+01
9.479051384715857864e+01
9.479051384715857864e+01
9.479051384715857864e+01
9.479051384715857864e+01
9.479051384715857864e+01
9.479051384715857864e+01
9.479051384715857864e+01
9.479051384715857864e+01
9.485250552318655082e+01
9.485250552318655082e+01
9.485250552318655082e+01
9.485250552318655082e+01
9.485250552318655082e+01
9.485250552318655082e+01
9.485250552318655082e+01
9.485250552318655082e+01
9.485250552318655082e+01
9.485250552318655082e+01
9.485250552318655082e+01
9.485250552318655082e+01
9.485250552318655082e+01
9.485250552318655082e+01
9.485250552318655082e+01
9.485250552318655082e+01
9.485250552318655082e+01
9.485250552318655082e+01
9.485250552318655082e+01
9.485250552318655082e+01
9.485250552318655082e+01
9.485250552318655082e+01
9.485250552318655082e+01
9.485250552318655082e+01
9.485250552318655082e+01
9.485250552318655082e+01
9.485250552318655082e+01
9.485250552318655082e+01
9.485250552318655082e+01
9.485250552318655082e+01
9.485250552318655082e+01
9.485250552318655082e+01
9.485250552318655082e+01
9.485250552318655082e+01
9.485250552318655082e+01
9.485250552318655082e+01
9.485250552318655082e+01
9.485250552318655082e+01
9.485250552318655082e+01
9.485250552318655082e+01
9.485250552318655082e+01
9.485250552318655082e+01
9.485250552318655082e+01
9.485250552318655082e+01
9.485250552318655082e+01
9.485250552318655082e+01
9.485250552318655082e+01
9.485250552318655082e+01
9.485250552318655082e+01
9.485250552318655082e+01
9.485250552318655082e+01
9.485250552318655082e+01
9.485250552318655082e+01
9.485250552318655082e+01
9.485250552318655082e+01
9.485250552318655082e+01
9.485250552318655082e+01
9.485250552318655082e+01
9.485250552318655082e+01
9.485250552318655082e+01
9.485250552318655082e+01
9.485250552318655082e+01
9.485250552318655082e+01
9.485250552318655082e+01
9.485250552318655082e+01
9.485250552318655082e+01
9.485250552318655082e+01
9.485250552318655082e+01
