8.930669517527553580e+01
8.930669517527553580e+01
8.930669517527553580e+01
8.930669517527553580e+01
8.930669517527553580e+01
8.942168263345199364e+01
8.948814186652396074e+01
8.948814186652396074e+01
8.948814186652396074e+01
8.948814186652396074e+01
8.948814186652396074e+01
8.948814186652396074e+01
8.948814186652396074e+01
8.952679402095824912e+01
8.952188000615581132e+01
8.952188000615581132e+01
8.952188000615581132e+01
8.952188000615581132e+01
8.958679402095825139e+01
8.958679402095825139e+01
8.958679402095825139e+01
8.958679402095825139e+01
8.958679402095825139e+01
8.958679402095825139e+01
8.958679402095825139e+01
8.958679402095825139e+01
8.958679402095825139e+01
8.958679402095825139e+01
9.005550493721094085e+01
9.005550493721094085e+01
9.015289246928256262e+01
9.015289246928256262e+01
9.015289246928256262e+01
9.015289246928256262e+01
9.020814186652395961e+01
9.020814186652395961e+01
9.020814186652395961e+01
9.020814186652395961e+01
9.020814186652395961e+01
9.020814186652395961e+01
9.020814186652395961e+01
9.020814186652395961e+01
9.020814186652395961e+01
9.027289246928256716e+01
9.027289246928256716e+01
9.020814186652395961e+01
9.020814186652395961e+01
9.020814186652395961e+01
9.020814186652395961e+01
9.032669517527554603e+01
9.020814186652395961e+01
9.037669509194095951e+01
