2.266452995681944671e+01
2.266452995681944671e+01
3.246960023067019563e+01
3.246960023067019563e+01
3.246960023067019563e+01
3.691298147746772429e+01
4.226934434614553737e+01
4.226934434614553737e+01
5.040907528506191682e+01
5.040907528506191682e+01
5.040907528506191682e+01
5.040907528506191682e+01
5.040907528506191682e+01
5.040907528506191682e+01
5.040907528506191682e+01
5.040907528506191682e+01
5.040907528506191682e+01
5.040907528506191682e+01
5.040907528506191682e+01
5.040907528506191682e+01
5.040907528506191682e+01
5.040907528506191682e+01
5.040907528506191682e+01
5.040907528506191682e+01
5.040907528506191682e+01
5.040907528506191682e+01
5.040907528506191682e+01
5.040907528506191682e+01
5.040907528506191682e+01
5.302567859239151460e+01
5.302567859239151460e+01
5.302567859239151460e+01
5.302567859239151460e+01
5.302567859239151460e+01
5.302567859239151460e+01
5.302567859239151460e+01
5.302567859239151460e+01
5.302567859239151460e+01
5.302567859239151460e+01
5.302567859239151460e+01
5.302567859239151460e+01
5.302567859239151460e+01
5.302567859239151460e+01
5.302567859239151460e+01
5.302567859239151460e+01
5.302567859239151460e+01
5.302567859239151460e+01
5.302567859239151460e+01
5.302567859239151460e+01
5.302567859239151460e+01
5.302567859239151460e+01
5.302567859239151460e+01
5.302567859239151460e+01
5.303115714938529379e+01
5.303115714938529379e+01
5.303115714938529379e+01
5.303115714938529379e+01
5.303115714938529379e+01
5.303115714938529379e+01
5.303115714938529379e+01
5.303115714938529379e+01
5.303115714938529379e+01
