3.857427043402820743e+01
3.857427043402820743e+01
4.216088070878516447e+01
4.216088070878516447e+01
4.511734188848062388e+01
5.286415251816228533e+01
5.342513432838822496e+01
5.342513432838822496e+01
5.342513432838822496e+01
5.342513432838822496e+01
5.342513432838822496e+01
5.342513432838822496e+01
7.620724360365524319e+01
8.271648086995490701e+01
8.271648086995490701e+01
8.271648086995490701e+01
8.271648086995490701e+01
8.271648086995490701e+01
8.271648086995490701e+01
8.271648086995490701e+01
8.271648086995490701e+01
8.271648086995490701e+01
5.186678190376723308e+01
5.186678190376723308e+01
5.186678190376723308e+01
5.186678190376723308e+01
5.186678190376723308e+01
5.186678190376723308e+01
5.793059198217230943e+01
5.793059198217230943e+01
5.793059198217230943e+01
5.895689304375964213e+01
7.598279280075661291e+01
7.807641989526351267e+01
7.954141438079663828e+01
7.954141438079663828e+01
7.963556945891453154e+01
7.963556945891453154e+01
8.045808400658238213e+01
8.045808400658238213e+01
8.231743704189538846e+01
8.231743704189538846e+01
5.655157426609020632e+01
5.655157426609020632e+01
5.655157426609020632e+01
5.655157426609020632e+01
5.655157426609020632e+01
5.655157426609020632e+01
5.655157426609020632e+01
5.655157426609020632e+01
5.655157426609020632e+01
5.655157426609020632e+01
5.117834826564823913e+01
5.117834826564823913e+01
5.117834826564823913e+01
5.457522604140501699e+01
5.457522604140501699e+01
5.457522604140501699e+01
5.457522604140501699e+01
5.457522604140501699e+01
5.764703267526599006e+01
5.764703267526599006e+01
