5.057282037469754954e+01
-1.233908343134405357e+02
-4.975834635252071081e+01
-6.195707864999817360e+01
-4.656045949187387833e+01
2.759215533978576218e+01
5.060620037833103169e+01
-2.050301746067039588e+01
-6.512302665850765493e+01
4.370321479260621800e+01
-2.651038944363950023e+01
-7.291817545232629527e+01
-1.656187418028261149e+01
1.805838043203924670e+01
3.752288389470444940e+01
-1.017860808303167630e+01
5.126194276636134362e+01
-8.564541227771607623e+01
2.577028713367170099e+00
8.219027982494736762e+01
-5.081267418062962804e+01
-4.392351849049762791e+01
5.301064186915322551e+00
-1.201198896238107920e+02
-8.784286887682121403e+01
-1.137037689128100126e+01
-1.663315965049835654e+01
4.302690021329750891e+01
1.176248988011583521e+02
3.200026027554840624e+01
-6.380864877615731245e+01
-1.234709641900505517e+01
5.207392871752854546e+01
1.224021804072116879e+02
2.874848009593761233e+01
-2.640350704549127769e+01
4.470263756681701039e+01
1.992876375530265065e+01
8.309519260614399627e+01
1.433617207797049886e+01
-2.717014670450804203e+01
-1.131128987092495919e+01
-6.795486076110736917e+01
1.541861677923708740e+01
6.627621664182792927e+01
-5.496280288289293026e+01
-2.471295523580224085e+00
-7.080547028749830929e+01
-5.425897965507704868e+01
2.529100360922102908e+01
-6.187600394188292086e+01
-2.627491145976820874e+01
-4.457265775465150170e+01
7.423608726326293095e+01
2.729750178250339232e+01
1.660508967079659044e+02
1.606008594653374644e+01
-6.429588373873990292e+00
-3.875115363632462362e+01
5.613841859100446641e+01
-1.000877836653195772e+02
7.544553161231263516e+00
-3.977909389203161794e+01
-9.950065932101876953e+00
2.535890564042308171e+01
-1.437196033040207510e+01
1.434557896362890439e+01
1.304063422984913245e+01
-2.683245677567123977e+01
1.776243360574093089e+01
2.169570863411262707e+00
-5.049824002824622937e+01
-2.201273432184469669e+01
-4.138415733387788009e+01
3.986323224598316983e+01
-2.243642442484667043e+01
-2.842397038209238502e+01
-5.189069736127219556e+01
6.379113584449965657e+01
-6.696342451336016666e+01
-6.601147015958602537e+01
-1.066799414304915246e+02
-5.744062166680421200e+01
2.585911835219833321e+01
9.936132418297766833e+00
3.923896160173949710e+01
-1.043428141231515553e+02
-1.249216499663034767e+02
1.041849867550729556e+02
4.193877514726588629e+01
-8.014908509292318683e+01
4.926120045679363102e+01
5.004328041923846726e+00
1.681412374159043566e+01
2.772190042502454332e+01
-1.521026432382439708e+01
-5.931252353764417506e+01
-9.606896258744552597e+01
1.253430480442129635e+02
5.385678119378172823e+01
-3.061110390330200914e+01
-2.326755087961780788e+01
-5.599173211023814822e+00
6.818576323641339698e+00
5.568746559848085553e+01
4.939578195747979805e+01
-1.522067046344976688e+02
-8.708942167020347824e+01
5.111444555868642681e+01
-9.188173673866163682e+00
4.339801433930900032e+01
-6.207876844744962597e+01
7.609541320943418441e+01
-2.450719874051841529e+01
-3.455955046528093533e+01
8.638975715599404737e+01
-4.678848474401289792e+01
7.896096211519319752e+01
5.659381574014506100e+01
-3.252275212178192021e+01
-2.247970312502446788e+01
1.029108098809839333e+00
-4.210465279088899848e+01
2.861079658754037780e+01
3.824294044451791308e+01
1.456442190912995045e+02
-7.233300972434170717e+01
-2.229556691278434499e+01
8.749904833948788507e+01
-2.298381784956745477e+01
5.734570061626040172e+01
-4.433351665281386289e+01
4.096224042093133733e+00
2.965333224130634449e+01
-2.958596695211975103e+00
2.547878111050865257e+01
7.273563944133574921e+01
3.337409735651946363e+01
-5.562599341740858705e+01
-3.025356239927808133e+01
4.573863914297777455e+01
-9.231638181899445073e+00
9.814850354124573073e+00
-4.122203493076597880e+01
1.983241650197513550e+01
-1.383313070686476749e+02
-1.372531534795436983e+02
-1.047985807348156939e+00
-1.471179386859114757e+00
1.437293791442716895e+02
3.642014127571751203e+01
-6.414488454870125622e+01
-6.244365334377540222e+01
3.347603178567929660e+01
-6.068270245184289280e+01
1.478656916403094712e+01
2.899798326169500129e+01
-2.069832796869591363e+01
-4.792215517003761249e+00
-1.389734390133433806e+01
1.240622668219129565e+01
-3.136004412149104326e+01
-4.387485144460301711e+01
-2.182659762201251752e+01
5.771044064385777261e+01
-7.439732975176947605e+01
2.000428148314689025e+01
-7.288042923856151845e+01
-4.191398040498189204e+01
1.069984188679891801e+01
1.488880258198484796e+01
2.359104421922766903e+01
-9.974557525793905199e+01
-7.847467824427512539e+01
-7.662073005998662723e+01
5.449296523289338268e+01
-3.960438369995866026e+01
7.146649733939314686e+00
3.569553085629902967e+01
-8.013609185412258284e+01
2.939791806994112022e+00
3.283590567291058449e+01
-3.621611922728136790e+01
-4.863243874433283764e+01
-4.502078522938143834e+01
-1.677053687032407225e+01
2.736725854727146157e+01
-6.120690464376033901e+01
-7.764015656478676419e+01
-7.546559165740076480e+01
-4.654336947721907336e+01
-7.946521897128481271e+01
7.143614007083904482e+01
8.192671014928656348e+00
-2.264065188760027070e+01
2.001838873000261287e+01
2.595829637974930648e+01
5.251147614916514073e+01
-2.077846866426591887e+01
-3.378893360218187070e+01
5.412523040009011766e+01
-6.113245462169601296e+00
-5.148068961569845925e+01
8.828382002859133593e+01
-9.049622520349568333e+01
-3.354406821683844697e+01
-8.635328788008779100e+01
-3.033230433775981183e+01
5.162797987232548991e+01
3.620117101897496070e+01
1.352444803221974468e+00
-1.017650841619593649e+02
-5.886098795110881099e+01
6.369140586319642949e+01
-5.627314763661391339e+01
-3.054297373803172633e+01
9.279483305933462134e+01
9.731242707256422264e+00
9.328814089741207738e+01
-5.563719371903606969e+01
-1.471124974826089016e+01
3.648708224187321747e+01
5.818278933697817479e+01
-6.367056255884277505e+01
4.545384312173033692e+01
-1.418732754196340693e+02
-3.073481564805738486e+01
6.659081874799969114e+01
7.664724055506147238e+01
9.274498826582006927e+01
-1.119038549769619095e+01
-8.961159029434546142e+01
1.784694673431145162e+01
2.653477710010255208e+01
3.741226325835128819e+01
-6.170144637290243850e+01
-3.737796020519030549e+01
7.441573139976091511e+01
4.003519324913530397e+01
-1.685786451721443768e+02
-4.410966518054257079e+01
1.991056406555687630e+01
-8.322275545807301000e+00
3.528978372462093915e+01
5.564354356265307189e+01
3.814128578810696979e+01
1.893649520492428451e+01
9.879305560591186008e+01
-5.856803780174917762e+01
3.371991304157657510e+01
-8.299105391808960519e+01
4.521840808686263813e-01
-5.798659126605381431e+01
-5.182150963775980301e+01
-8.558787703706242311e+00
2.151176001606084753e+01
-3.748714705291743599e+01
7.675136237409525108e+01
-9.632000435427634955e+00
-1.643980279097032593e+01
-5.293799608122197853e+00
2.301453181582587604e+00
1.865445274167969814e+01
1.073221084128284986e+01
-1.806026663773314311e+01
