4.106520708782523599e+01
4.106520708782523599e+01
4.106520708782523599e+01
4.106520708782523599e+01
4.106520708782523599e+01
4.216917244735845571e+01
4.791259236317262804e+01
4.791259236317262804e+01
4.928650572000329788e+01
5.055338548040361957e+01
5.055338548040361957e+01
5.055338548040361957e+01
7.647809985609920602e+01
7.647809985609920602e+01
7.647809985609920602e+01
7.647809985609920602e+01
7.647809985609920602e+01
7.647809985609920602e+01
7.647809985609920602e+01
7.647809985609920602e+01
7.647809985609920602e+01
7.647809985609920602e+01
4.363464173028395265e+01
4.669539117796879424e+01
4.669539117796879424e+01
5.483892931222607103e+01
5.483892931222607103e+01
5.768277871862427730e+01
7.715173892301662306e+01
7.715173892301662306e+01
7.715173892301662306e+01
7.715173892301662306e+01
7.717862352012355132e+01
7.717862352012355132e+01
7.717862352012355132e+01
7.751800619098180789e+01
7.839923352957022473e+01
8.045896872714814663e+01
8.045896872714814663e+01
8.045896872714814663e+01
8.045896872714814663e+01
8.045896872714814663e+01
5.637609614569071681e+01
5.637609614569071681e+01
5.637609614569071681e+01
5.637609614569071681e+01
5.774284821560026160e+01
5.774284821560026160e+01
5.774284821560026160e+01
5.774284821560026160e+01
5.774284821560026160e+01
5.774284821560026160e+01
4.943059754204105616e+01
5.439755392770852893e+01
5.666303321251460545e+01
5.808519363101277833e+01
5.808519363101277833e+01
5.808519363101277833e+01
6.096983244373155486e+01
6.096983244373155486e+01
6.096983244373155486e+01
6.096983244373155486e+01
