4.542375106373384597e+01
4.542375106373384597e+01
5.040369710603343378e+01
5.123687133658616233e+01
5.123687133658616233e+01
5.324845190028624131e+01
5.324845190028624131e+01
5.324845190028624131e+01
5.324845190028624131e+01
5.324845190028624131e+01
5.560634435145754395e+01
5.560634435145754395e+01
5.560634435145754395e+01
5.608539169735383467e+01
5.608539169735383467e+01
5.560634435145754395e+01
5.561104510083301733e+01
5.561104510083301733e+01
5.561104510083301733e+01
5.561104510083301733e+01
5.561104510083301733e+01
5.579048520509452658e+01
5.579048520509452658e+01
5.597303411919524763e+01
5.597303411919524763e+01
5.597303411919524763e+01
5.595227130112338187e+01
5.595227130112338187e+01
5.595227130112338187e+01
5.595227130112338187e+01
5.595227130112338187e+01
5.595227130112338187e+01
5.595227130112338187e+01
5.641270650050032742e+01
5.641270650050032742e+01
5.641270650050032742e+01
5.641270650050032742e+01
5.918781435573748695e+01
5.918781435573748695e+01
5.918781435573748695e+01
5.918781435573748695e+01
5.918781435573748695e+01
5.918781435573748695e+01
5.918781435573748695e+01
5.918781435573748695e+01
5.918781435573748695e+01
5.918781435573748695e+01
5.858323638262645261e+01
5.858323638262645261e+01
7.124159520336007745e+01
7.124159520336007745e+01
7.124159520336007745e+01
7.124159520336007745e+01
7.124159520336007745e+01
7.124159520336007745e+01
7.124159520336007745e+01
7.124159520336007745e+01
7.193682803787561397e+01
7.193682803787561397e+01
7.193682803787561397e+01
7.193682803787561397e+01
7.193682803787561397e+01
7.193682803787561397e+01
7.193682803787561397e+01
7.193682803787561397e+01
7.193682803787561397e+01
7.193682803787561397e+01
7.193682803787561397e+01
7.193682803787561397e+01
7.193682803787561397e+01
7.193682803787561397e+01
7.193682803787561397e+01
7.193682803787561397e+01
7.193682803787561397e+01
7.193682803787561397e+01
7.193682803787561397e+01
7.193682803787561397e+01
7.193682803787561397e+01
7.193682803787561397e+01
7.193682803787561397e+01
7.193682803787561397e+01
7.193682803787561397e+01
