6.605720062487330324e+01
6.605720062487330324e+01
8.799616819497441611e+01
8.960341372532802495e+01
8.960341372532802495e+01
8.960341372532802495e+01
8.960341372532802495e+01
8.960341372532802495e+01
8.960341372532802495e+01
9.017550493721094540e+01
9.017550493721094540e+01
9.017550493721094540e+01
9.017550493721094540e+01
9.068353644806852287e+01
9.068353644806852287e+01
9.068353644806852287e+01
9.068353644806852287e+01
9.068353644806852287e+01
9.068353644806852287e+01
9.068353644806852287e+01
9.068353644806852287e+01
9.068353644806852287e+01
9.188341372532801188e+01
9.188341372532801188e+01
9.188341372532801188e+01
9.188341372532801188e+01
9.188341372532801188e+01
9.188341372532801188e+01
9.188341372532801188e+01
9.188341372532801188e+01
9.188341372532801188e+01
9.188341372532801188e+01
9.188341372532801188e+01
9.188341372532801188e+01
9.188341372532801188e+01
9.188341372532801188e+01
9.188341372532801188e+01
9.188341372532801188e+01
9.188341372532801188e+01
9.188341372532801188e+01
9.188341372532801188e+01
9.188341372532801188e+01
9.188341372532801188e+01
9.188341372532801188e+01
9.188341372532801188e+01
9.188341372532801188e+01
9.237289246928256148e+01
9.237289246928256148e+01
9.237289246928256148e+01
9.237289246928256148e+01
9.237289246928256148e+01
9.237289246928256148e+01
