-6.077722938409090858e+01
2.693731509279293590e+01
-2.784498353274697635e+00
6.303982162321668170e+01
7.749275804779937005e+01
-4.385197948900127329e+01
3.438286792524203772e+00
-1.333596041442598512e+01
-1.744815952090871747e+01
-2.546032121735115794e+01
-6.329011485630130096e+01
3.333147905189716198e+01
3.226641924645485204e+01
-3.756877194219428873e+01
-5.214495478659777916e+01
-6.916442221441462479e+00
-5.336172676891308697e+00
-5.730696276650525078e+01
1.686201676719594289e+01
-2.594722160029695601e+01
-5.645282197388780787e+01
-4.439574504033397773e+01
1.085095180245385933e+02
-1.088566449610073619e+02
7.886810028273970374e+01
1.319997925870158184e+01
-2.918272747104134623e+01
6.412252911988130677e+01
1.046816763987526855e+02
-8.548252267701638374e+00
-6.554335893574998906e+00
3.401384736915534113e+00
5.466795450567204995e+01
-1.098155593570460269e+02
-1.896186643152326567e+01
3.007590252276564513e+00
-1.349087113027397038e+02
-7.931245430152404907e+00
3.920503566059057476e+01
6.159382796652010938e-01
9.891806569228762669e+00
3.774324278104067787e+01
-7.522113921732307062e+01
6.494916711312677648e+01
-4.032348345016497149e+01
-1.917825639438643748e+01
-7.705988214567454975e+01
7.317464091346197108e+01
-5.137384790178784044e+01
-3.291507811004120043e+01
2.038997751463520558e+01
7.001653948077354528e+00
2.331553829246290732e+01
-6.610123413578698148e+01
-1.242114067206933825e+01
5.174511842342501211e+01
-3.964245775461536780e+00
1.328658891379874376e+02
1.078422196342211237e+01
-3.051617549979533095e+01
-6.372206338464607711e+01
-1.925390563717218129e+01
-5.275407459441942848e+01
4.187692890853634964e+01
-1.917380531715855696e+01
3.014299087501674990e+01
5.376923085787057133e+00
-3.073054345396997178e-01
-1.296350795534928295e+02
-3.912784904098855776e+01
8.540549320693735069e+00
-1.838999865302977099e+00
-2.924384453612929491e+01
-5.486816961282084293e+01
7.293815089390031403e+01
-6.245787475544437584e+00
-1.297696581702591345e+01
1.703123586885503116e+01
2.848947923117316705e+01
1.431003654853112650e+01
-3.646839114050852970e+01
-3.903772167075678112e+01
9.687983100297559247e+01
4.853169524188020034e+01
5.846389366386987696e+00
-1.990448770394201716e+01
-4.386418355543905534e+01
-3.754600271918257448e+01
-1.978399767466181203e+01
1.245167113349597443e+01
2.045597411120102294e+01
-1.562406724321927243e+01
-6.445072226401120474e+01
5.464751149273276098e+00
-6.753870223117621663e+01
4.777951360272655990e+00
-8.058309163566769939e+01
4.870646042723918612e+01
-6.746983752585356342e+01
-2.664568276990368645e+01
-3.627218510204215818e+01
5.052631889760469619e+00
3.807731923331148494e+01
-1.196399302656678643e+01
1.728109615247544468e+02
-2.613392150975921169e+01
4.948781634925123285e+01
-5.557545705602714747e+01
2.019487809305155679e+01
-4.270422870200494003e+01
-1.095858856905483663e+02
-2.133520478967695055e+01
-1.380636869963644742e+01
8.675057065045308491e-01
1.219533527913822866e+02
-6.478192976733416231e+01
7.830593971809971521e+00
7.059997214105688812e-01
-6.965950744133959915e+01
-1.159503433738890976e-01
5.975025826040577215e+01
-1.214561788444853221e+02
-4.232448396475670904e+01
-1.025941094416251786e+01
-1.545932715209998953e+01
-9.572356011596513170e+00
-4.686845708205042627e+01
8.962018000582995114e+01
-7.500088342131451213e+01
1.754033646631327414e+01
5.451184716279216502e+01
-7.747677597375545844e+00
-1.169215731070422635e+02
-1.172462726625275486e+01
-7.931441394942842749e+01
-1.180275921436602431e+02
-7.159416200515067885e+00
4.402098475713066961e+01
-3.863271147446852183e+00
-4.095968167891415135e+01
-5.622597341665816373e+00
-9.708506832468148673e+01
1.094183672791118909e+02
8.766401704715426035e+01
3.679522144638384873e+01
-6.517242173386601678e+01
5.848639381753661581e+01
-6.295149847643629926e+01
-1.396918279732241217e+02
-1.139992148087950419e+01
-3.692485772513902020e+01
-4.698750414923163987e+01
-1.248002941913919628e+01
1.240534723923151716e+01
1.859511925066009042e+00
-2.104375103526388102e+01
-9.825089669688425431e+01
4.651187882977453114e+01
-7.796979489648198580e+01
-4.914681660995510981e+01
3.663026758064057731e+01
-5.421537704057936224e+01
-8.196813315017885770e+01
8.600022793582034808e+00
4.183033418431563177e+01
-7.418981134243114894e+00
2.283670263215461915e+01
7.390850543002262185e+00
-5.283940119670675273e+01
-1.938676233514360803e+01
-4.416059652102032373e+01
4.096876418860024671e+01
7.290657370184649544e+00
-2.928148837699989571e+01
-9.976976071780873312e+00
1.167738545819125839e+00
-6.102351420653684499e+01
-5.426696635564715621e+01
-9.575930038047027892e+01
-6.513120703583533100e+01
4.606711732415119798e+01
-1.366251399100175945e+02
-3.158324197496991559e+01
-6.598144942237594535e+01
-4.826459044147524224e+01
-2.247665939736000595e+01
6.333674379187995029e+00
-2.935844214725576506e+01
2.369487850080522406e+01
7.474728546145034613e+01
-1.300885740437521143e+01
-7.507884965001670707e+01
7.184117831789293973e+00
-3.245843752986764486e+01
-6.244303613830872735e+00
-5.152023263123825814e+01
4.005968406009820626e+01
7.868277183216321191e-01
7.381701967278742416e+01
-7.699994665057130305e+01
-9.674087131470932377e+01
-1.034815432300497662e-01
-1.823136798015186599e+01
6.900622560221316348e+01
-1.623831662731326020e+01
2.371765751912914766e+01
1.868069328760662984e+01
-5.012884016046358582e+00
-6.650659582871243458e+01
-6.188673451747575172e+01
-9.297119353119589391e+01
-4.064066129713810227e+01
1.007252087334655215e+02
5.804019452603557738e+01
6.188531443484087191e+01
-1.139939205505009170e+02
1.186769878414694546e+01
-3.485802883387176365e+00
5.155144650506129267e+01
3.436492253341970127e+01
-1.609658296782929199e+01
-2.933305356651326434e+01
-6.307026297515176338e+01
1.308224160539345604e+01
-9.109125750649775455e+01
-3.319560180488379331e+01
-2.293198920157962917e+01
4.302693630679289782e+01
-7.107009266306457107e+01
7.514623248924185361e+01
1.282359936911177556e+01
-1.141345494577178954e+01
5.468869746273274757e+01
4.933810949325881268e+00
3.078148778851798539e+01
-8.287641251727657732e+01
-6.187909199518849590e+01
-7.687595696421553271e+01
6.684703376879586756e+01
-3.579016652121610775e+01
-2.360213841163054127e+01
6.071843763288342188e+01
-9.748847964967036717e+01
8.345871996371455737e+01
-1.010816951521289866e+02
5.609369765205009628e+01
-4.254990733430389582e+00
-3.653740352427558236e+01
-2.170261247404594940e+01
1.209125302097113348e+02
-4.754392518182090299e+00
-1.193984950906723874e+01
5.180654087120475992e+01
8.353536619457634060e+01
-4.915869254659456544e+01
8.372381411343774005e+01
-4.881668406730966581e+01
-8.079374929227473956e+01
-2.546256566043261671e+00
-1.063624368386834007e+01
1.581490371423548069e+01
-7.819440224102116588e+01
7.543823010261209561e+01
8.289502812131921416e-03
-5.224780909970674259e+01
