2.484559475104442328e+01
-3.384428055916360734e+01
-2.791930396780144719e+01
8.131599862868854700e+01
-4.671449460234171625e-01
2.646192808969801646e+01
-3.723925067804532318e+01
-7.586392686661807261e+01
4.242032093455256359e+01
1.716487646747935614e+01
-1.487260132559135286e+02
1.750446372023944264e+01
4.519481659961773801e+01
4.530530570705998628e+00
-5.034685169923601222e+01
4.608131902545903102e+01
5.210643073124714419e-01
-8.901695450126240416e+01
2.260769337491580089e+01
4.860717091281095747e+01
-2.140392728630979136e+01
-7.435502835157373624e+01
4.324941525584223001e+01
-1.003043850939477011e+00
4.688615736271560053e+01
-1.135495836629314859e+01
8.773985072114760442e+01
3.335935872351516451e+00
1.021373325279176072e+02
1.198308617173752566e+01
-4.364733195264228982e+01
-1.139990542803921301e+02
9.018505708686262778e+01
-1.120240044409173308e+01
-8.038181596899447001e+00
-1.825822487697334395e+01
-3.550475615005971974e+01
5.529121277439179494e+01
2.670529616036683507e+01
1.075649106581106338e+02
5.122559981909784455e+01
-1.730393034946236952e+01
7.605630280865898385e+01
4.114975662461739603e+01
-6.582781268429368993e+01
-1.993533732281297333e+01
6.080041302166090134e+01
1.201216200463711345e+02
-1.227309905238889165e+01
-6.515407873018122586e+01
-9.964035073934256559e+01
2.603046608517194827e+01
6.095687021440677711e+01
1.084315965885537167e+02
9.959937814131451717e+01
-5.942289818701700455e+01
-2.290426010920133137e+01
-1.838069522092251162e+01
-7.301220524540752876e+00
3.459713048731003227e+01
-8.764561526318992435e+01
-5.475398792057390551e+01
2.329274726058581280e+01
-3.074732560593727371e+01
-1.770756215240064790e+01
-8.766831555282433897e+01
1.290655084544540898e+01
-3.120389313837723222e+01
-9.092001852352524338e+01
-4.455125805799066541e+01
1.123180346065491335e+02
9.271914090770701478e+01
7.444811886059051531e+00
-1.387021885239217767e+00
-6.282813583810595048e+01
-2.774269017596445863e+01
-5.295162528016428283e+00
6.559406715302094426e+01
-2.274220418653161602e+01
2.706371807203748148e+00
-1.906858632567198697e+01
-2.973246329395600185e+00
-5.407334260876046272e+01
6.290561640189320514e+01
-1.374313495094657256e+01
-3.014367203217634028e+01
-4.643836521012561747e+01
-9.492921987367635950e+01
2.488954135090419229e+01
-5.300526772313556734e+01
2.855322691303477001e+01
2.590629763729062773e+01
1.225091326763265442e+01
-5.102259036390513813e+01
2.228311382739059709e+01
-3.414759463523090233e+01
-2.451984914033430840e+01
4.336417740579585711e+01
-3.909436892112621820e+01
5.585156275629793754e+01
-4.998302748531521900e+01
-1.529409877260860640e+01
-3.495965891735502851e+01
1.263444269626734382e+02
-9.664048324608646112e+01
2.467087427910687580e+01
-6.570472721463755050e+00
-2.516717679799306850e+01
-1.315606746738562549e+01
-4.815320660391667218e+01
7.488477451365992010e+01
-6.368677130859428104e+00
1.226200264801381650e+02
2.330130624514236359e+00
-5.270559420112019211e+01
-3.868729026378653657e+01
4.056132696250226388e+01
3.537641467563056352e+01
1.013866057984013622e+02
1.778032631553927700e+01
6.469430463910946116e+00
-3.964424771847197349e+01
1.749978077921988984e+01
-7.533025933033607657e+01
1.484457534914376353e+01
-4.869552097379395406e+01
-2.033885686596598319e+01
1.789325888764783201e+01
-2.522296930351182809e+01
7.221094950626044806e+01
9.694911207777785478e+01
1.315122763326234576e+02
-6.444103477651541567e+00
1.546952686119631437e+00
-1.726716831168202759e+01
3.353710285057950102e+00
5.204415717210601144e+00
7.390262318970997057e+01
1.383035626157590059e+01
-9.221332337223927311e+01
8.269394934089777394e+01
-1.754001250414846993e+02
-2.263330118377791322e+01
1.671307429146935064e+01
1.015336003481566394e+02
3.686982189315673963e+01
1.958740344055791383e+01
1.647938377699579604e+01
5.998150609854147319e+01
-1.788605586085926547e+01
-6.610751214241278717e+01
7.395663239890058094e+01
6.707303397660442101e+01
4.996874726989016580e+01
7.765791349522760356e+01
-1.972692550994128879e+01
2.087991968300692136e+01
3.346665546053031193e+01
4.933112845011207526e+01
-2.133719025127449243e+01
-3.460205763406786872e+01
2.594140925374702533e+01
3.748158594934288601e+00
-8.695210809545118380e+00
-1.197011037605113586e+02
1.324075282030576375e+02
-1.706607116410818747e+01
3.982876010950568713e+01
6.936648009468942178e+01
-3.868194407815322755e+00
-5.989511719642310084e+01
3.293560794351328980e+01
7.503602694127695827e+01
6.810210179039670209e+01
8.167995264252800780e+01
9.976588286938522288e+00
5.364547618904529713e+01
6.339372407868291504e+01
-9.172640472514278542e+01
4.413073973156514285e+01
3.143384181450734260e+01
2.640177728686455794e+01
3.841838988098738383e+01
-9.218279998739379266e+01
5.783091046543139413e+01
-6.122062280531420697e+01
8.942444566683700202e+01
5.805025250144115034e+01
-7.938369613183851925e+00
2.919047585162280711e+01
-4.233275468349124537e+01
1.333649873900918692e+02
-2.621744874405180781e+01
-6.490732200580501399e+01
-5.191002940312631608e+01
-4.555327728874160442e+01
3.471329783393821344e+01
9.477858104229973435e+00
-4.447944703031275537e+00
-3.275289376803306141e+01
-2.466818591343375289e+01
-3.267289268513273726e+01
-4.278913167814300778e+01
2.318005453692558859e+01
-7.567857246566036622e+01
-3.877538087783979392e+01
4.441947422696537728e+01
-1.590420391115007988e+02
6.153587183700700081e+01
1.479968139622884564e+02
-1.761719051938329130e+02
2.729192059461822240e+01
9.235909693437019996e+01
1.285858530371236839e+02
-5.031812834139680035e+01
-6.602119954787535505e+01
2.676135913764483121e+00
-7.175932763868939901e+01
8.529145897904301421e+01
-1.362706255946736178e+02
-2.846892848277437338e+01
-1.210547103129099327e+02
-1.365331632816204319e+02
8.450400184563923744e+01
8.025173683523924240e+00
-2.263342679003135061e+01
-3.644884784588489879e+01
5.660872125836249324e+00
3.023287328075214120e+01
-5.815348442971875187e+01
8.120472671634937001e+01
-1.085803031473770233e+02
-4.135008620514760480e+00
1.368220050372403875e+02
-2.039604397957720749e+00
-6.901307786992028070e+01
-7.940875388251575373e+01
-1.911315976219046320e+01
-4.519897012316622664e+01
4.489010197049798023e+01
-4.402149365723514052e+01
4.494771692680831165e+01
6.074269187052073704e+01
-7.164184444200404123e+00
9.986844537621553286e+01
7.110741999801733471e+01
-2.963183390991200383e+01
-1.847088133745323546e+01
-4.048911836387739527e+01
-6.109293859299453899e-01
1.308511237898362189e+01
-7.780571922236282489e+01
-3.620360683871600571e+01
-4.936493681030702874e+01
3.297959706367513011e+00
-4.150075914949039202e+01
-5.989537376225797516e+00
1.030046082420280271e+02
6.009320027296119804e+00
-4.437298148546154231e+00
2.905382616602782520e+00
9.342139492453949146e+00
6.724502056047973042e+01
1.397135070886800463e+02
1.065596520865864818e+02
