5.674233241211736356e+01
5.674233241211736356e+01
6.585581436587435178e+01
6.585581436587435178e+01
8.659140997390336736e+01
8.659140997390336736e+01
8.659140997390336736e+01
8.659140997390336736e+01
8.659140997390336736e+01
8.659140997390336736e+01
8.659140997390336736e+01
8.659140997390336736e+01
8.659140997390336736e+01
8.659140997390336736e+01
8.659140997390336736e+01
8.659140997390336736e+01
8.659140997390336736e+01
8.659140997390336736e+01
8.659140997390336736e+01
8.659140997390336736e+01
8.659140997390336736e+01
8.899342407327507942e+01
8.899342407327507942e+01
8.899342407327507942e+01
8.899342407327507942e+01
8.899342407327507942e+01
8.899342407327507942e+01
8.899342407327507942e+01
8.899342407327507942e+01
8.899342407327507942e+01
8.899342407327507942e+01
8.899342407327507942e+01
8.899342407327507942e+01
8.899342407327507942e+01
8.899342407327507942e+01
8.899342407327507942e+01
8.899342407327507942e+01
8.899342407327507942e+01
8.899342407327507942e+01
8.899342407327507942e+01
8.899342407327507942e+01
8.899342407327507942e+01
8.899342407327507942e+01
8.899342407327507942e+01
8.899342407327507942e+01
8.899342407327507942e+01
8.899342407327507942e+01
8.899342407327507942e+01
8.899342407327507942e+01
8.899342407327507942e+01
8.899342407327507942e+01
8.899342407327507942e+01
