-2.922225874316644934e+01
1.992494097525744507e+02
-7.642616463335687627e+01
5.928384159772009099e+01
-3.566854167441861989e+01
-1.651083971600284031e+02
1.025172714872520601e+02
-2.374734601312201221e+01
-8.482574585080390861e+00
-6.889090596967459845e+00
-3.899609651611147854e+01
-1.434848011693173078e+02
-1.961535032803251113e+02
4.933717145099740975e+01
8.852186861035050924e+01
-2.956915820174566178e+01
-8.940526044283858553e+00
-5.431713951322817024e+01
-1.897635599494266856e+01
1.622486179208088686e+01
-5.964648702349584397e+01
1.100732527511882637e+02
3.392999285758781980e+01
2.750113523069470034e+01
1.149259576089385035e+02
5.443935322016795908e+01
9.987889109541163180e+01
-1.525930459799172638e+02
9.458075193827100691e+01
1.035108372883103698e+02
7.188385362949482271e+01
-1.008430375318720422e+02
-1.740615225241940323e+02
3.369192737229519139e+02
-5.746679679130517471e+00
1.853684319006457883e+02
-7.858649071193198665e+01
-1.101017366913241347e+02
-8.675052297309939320e+01
1.295972248321088784e+02
-1.122882104035752491e+02
-9.498276714063121062e+01
-4.265229520732168567e+01
1.625912765628003740e+02
-8.278416843552257376e+01
4.106771823516119468e+01
6.810625126499047610e+01
5.898000016633784526e+01
-2.067292625387279514e+01
-3.950238079790052126e+01
-1.700460274682200179e+02
-1.138709153778771110e+02
-2.784398681595865810e+01
-1.455114549568546920e+02
-3.455781674298976469e+01
-1.022280846715841847e+02
3.996152993228753303e+01
-8.542059616609188666e+00
-1.711729400679183399e+01
7.856709118474090303e+01
-8.178613782039037972e+01
-2.035876193543770398e+02
3.633763126862817217e+00
9.369449456724866820e+01
-8.871291787505580828e+01
-5.609732805171432801e+01
4.588387052931567567e+00
-4.159420584265245679e+01
-2.042071550736400241e+02
1.146947391923657733e+02
-4.376055797108715950e+01
-1.245336457780574335e+02
8.855582508380980755e+01
-1.559929915795869988e+02
-5.796891427368077387e+01
5.194465160454541319e+00
7.650385167170128398e+01
-5.184951929915580138e+01
7.342940685986025073e+01
1.572300403292276201e+02
-1.620102570675105369e+01
1.291381102673687167e+02
-3.196590865113717683e+01
9.788370695449593484e+01
-5.314768205842642601e+01
7.503680108305903218e+01
-1.864190818446449782e+02
-8.186088757100135638e+01
-3.593485799504374256e+01
1.299306960294295266e+02
-5.363243068652998602e+01
1.111557273866050366e+02
-1.727384462342625326e+01
-7.145900885642454625e+01
-3.607663767448113390e+01
-1.398090874859334178e+02
3.667967645627669526e+01
9.523819501149104383e+01
-1.130227362466330554e+01
3.849814809814176897e+00
-8.156108022501558708e+01
-1.092971082535010225e+02
2.335841162042239905e+00
1.284841691942390298e+02
-2.546200316992352697e+01
3.810370937706515804e+01
-5.019660772195626919e+01
6.166972809789582044e+01
1.289565145141038158e+02
1.029310193434665592e+02
-1.220220257696127675e+02
-9.948099218102873564e+00
-1.996252353705810378e+01
1.433395565349885601e+02
1.974434807815558486e+02
1.475384883517796197e+02
2.993824542175092063e+01
9.334687330623447110e+01
-3.577843443078954522e+00
2.302174993052609153e+01
-5.458346548058256786e+01
-2.083292772457868836e+01
-4.021481629447083606e+01
-6.905681030819145860e+01
7.528412690538011987e+00
8.282004910481637694e+01
9.995827076585450754e+01
-3.683914087150088790e+01
1.139838205011372736e+02
-1.247192967494491569e+02
6.201633895367809401e+01
-1.331212857333110833e+02
-1.477664771864636464e+02
3.771852380253471893e+01
-1.181351205970465230e+02
4.772959364634903068e+01
-8.721431690503666800e+01
-3.729794076618356513e+01
5.408377010063748003e+01
-1.906721314531456528e+02
7.510953542024205376e+01
1.044610467425970484e+02
-3.002172288116517507e+01
4.178605597161647722e+01
-6.785789512811731150e+00
1.672746984471231144e+02
-6.577081513586129802e+01
-1.520201201736893282e+01
2.408000757910923895e+01
-2.483259741825903859e+02
-8.968516291734891865e+01
-1.114644211705883095e+02
2.455292214123293704e+01
1.065883246563300872e+02
4.378603968919224343e+01
5.716901184171153716e+01
7.540309066649250269e+01
4.456058453313437440e+01
1.876834100378525250e+02
-7.247137287861801269e+01
-7.875312182185504639e+01
4.042751917046132348e-01
-9.731959287725348418e+01
5.891958046077931499e+01
5.104592819980310026e+01
9.711554574688815222e+00
1.075481498731261070e+02
3.393555185483072734e+01
1.064276289999259362e+01
4.386863003315161080e+01
3.980654046091350295e+01
5.839869183850873924e+01
-2.829770738060479118e+01
-3.098482965823819768e+01
3.373053429161732453e+01
-1.068761376890464305e+02
-4.069977199020867431e+01
4.824687713251492482e+01
-3.534945141804726632e+01
-6.494288475059886423e+01
2.394595733490284672e+01
9.864788389446665917e+01
1.179741823766476188e+02
1.442056090411133873e+01
-5.306857552367603859e+01
4.223982158331303083e+01
-5.186010521807228990e+00
6.288108798283876411e+01
2.109378524189068571e+02
-2.525657440035330694e+02
2.053638371955791087e+01
8.867526609215850897e+01
9.389888537732042550e+01
1.309453751464241122e+02
-4.591800977188187716e+01
1.103227916509456321e+02
-1.808380058064431637e+02
-1.556318294495698922e+02
-2.729587429655832409e+01
1.927729756738508513e+02
9.042676426115613708e+01
-1.548869483534724907e+02
-3.982397805217617659e+00
1.528623555689119087e+02
-1.893634390928959021e+00
3.722406026458056516e+01
1.158213406421486411e+02
3.422521210463411734e+01
-1.289187688089482435e+02
-7.162096717792215372e+01
-8.649863191100511939e-01
-1.271459436244184218e+02
5.837243317700215783e+01
-6.982875283781424969e+01
-1.406233531436977557e+02
1.251711280799789421e+02
-3.058651236063582246e+00
-8.297921749189161744e+01
-1.724596658923836401e+01
1.717691317147400980e+02
-9.854511120088326948e+01
-1.050893257962851237e+02
-1.926910994433696800e+01
-6.537373048220135274e+01
-1.261142840216907359e+02
-5.899769175516965447e+00
1.239050583343730381e+02
8.807357688296356457e+01
6.050433963553663830e+01
3.336445811659466187e+00
-1.488995523105706980e+02
-3.592131143886314959e+01
5.267913405820757333e+01
9.730566645744465504e+00
1.251270671586269714e+02
-1.642032454926839691e+01
-1.865283869258430229e+02
-5.800071121923160433e+00
8.533651479783745231e+01
-9.252296994153198284e+01
-7.636261201296662193e+01
-9.675953262352207673e+01
-5.141083231135996101e+01
2.216099167522173730e+02
1.018765443975654108e+02
-2.183104003400357271e+02
-7.932712610434674616e+01
2.112106139439378580e+02
1.506349084079585623e+02
-1.108302278958524738e+02
-7.805678181699457241e+01
-1.341435256622946497e+02
-1.112980672196129461e+01
-4.781102130269391637e+01
1.383768726518866572e+02
-3.883767256842143922e+01
7.394333785144675630e+01
2.817411927280175377e+01
3.758265348748966517e+01
-2.041067759926786493e+02
3.291217564829320708e+01
7.603689935074831396e+01
7.421489492121664000e+01
-3.764793215178809760e+01
2.496379119643805211e+02
