2.746920128230064506e+01
2.746920128230064506e+01
2.746920128230064506e+01
2.746920128230064506e+01
3.266433090272681738e+01
3.266433090272681738e+01
3.266433090272681738e+01
3.266433090272681738e+01
3.711176431131574560e+01
3.711176431131574560e+01
3.711176431131574560e+01
3.711176431131574560e+01
3.742892220190048391e+01
3.742892220190048391e+01
3.754670523755686418e+01
3.754670523755686418e+01
3.754670523755686418e+01
3.754670523755686418e+01
3.754670523755686418e+01
5.311658010248103068e+01
5.311658010248103068e+01
5.311658010248103068e+01
5.311658010248103068e+01
5.311658010248103068e+01
5.311658010248103068e+01
5.311658010248103068e+01
5.315255170032888543e+01
5.315255170032888543e+01
5.315255170032888543e+01
5.315255170032888543e+01
5.315255170032888543e+01
5.315255170032888543e+01
5.315255170032888543e+01
5.315255170032888543e+01
5.315255170032888543e+01
5.315255170032888543e+01
5.315255170032888543e+01
5.315255170032888543e+01
5.315255170032888543e+01
5.315255170032888543e+01
5.315255170032888543e+01
5.315255170032888543e+01
5.315255170032888543e+01
5.315255170032888543e+01
5.315255170032888543e+01
5.315255170032888543e+01
5.315255170032888543e+01
5.315255170032888543e+01
5.315255170032888543e+01
5.315255170032888543e+01
5.315255170032888543e+01
5.315255170032888543e+01
5.315255170032888543e+01
5.315255170032888543e+01
5.315255170032888543e+01
5.315255170032888543e+01
5.315255170032888543e+01
5.315255170032888543e+01
5.315255170032888543e+01
5.315255170032888543e+01
5.315255170032888543e+01
5.315255170032888543e+01
