4.538173494412615128e+01
5.412363405740236999e+01
5.412363405740236999e+01
5.412363405740236999e+01
5.412363405740236999e+01
5.412363405740236999e+01
5.412363405740236999e+01
5.412363405740236999e+01
5.412363405740236999e+01
5.640838941514962102e+01
5.640838941514962102e+01
5.640838941514962102e+01
5.640838941514962102e+01
5.640838941514962102e+01
6.001842378502682607e+01
6.001842378502682607e+01
6.001842378502682607e+01
6.001842378502682607e+01
6.001842378502682607e+01
6.001842378502682607e+01
6.001842378502682607e+01
6.001842378502682607e+01
5.999339173520097290e+01
5.999339173520097290e+01
5.999339173520097290e+01
5.999339173520097290e+01
5.999339173520097290e+01
5.999339173520097290e+01
5.999339173520097290e+01
5.999339173520097290e+01
5.999339173520097290e+01
5.999339173520097290e+01
5.999339173520097290e+01
5.999339173520097290e+01
5.999339173520097290e+01
5.999339173520097290e+01
5.999339173520097290e+01
5.999339173520097290e+01
5.999339173520097290e+01
5.999339173520097290e+01
7.084494115817867055e+01
7.084494115817867055e+01
7.084494115817867055e+01
7.084494115817867055e+01
7.084494115817867055e+01
7.084494115817867055e+01
7.084494115817867055e+01
7.084494115817867055e+01
7.084494115817867055e+01
7.084494115817867055e+01
7.084494115817867055e+01
7.084494115817867055e+01
7.084494115817867055e+01
7.084494115817867055e+01
7.084494115817867055e+01
7.084494115817867055e+01
7.084494115817867055e+01
7.084494115817867055e+01
7.084494115817867055e+01
7.084494115817867055e+01
7.084494115817867055e+01
7.084494115817867055e+01
7.084494115817867055e+01
7.084494115817867055e+01
7.084494115817867055e+01
7.084494115817867055e+01
7.084494115817867055e+01
7.084494115817867055e+01
7.084494115817867055e+01
7.084494115817867055e+01
7.084494115817867055e+01
7.084494115817867055e+01
7.084494115817867055e+01
7.084494115817867055e+01
7.084494115817867055e+01
7.084494115817867055e+01
7.084494115817867055e+01
7.084494115817867055e+01
7.084494115817867055e+01
7.084494115817867055e+01
7.084494115817867055e+01
7.084494115817867055e+01
