4.271671104160158450e+01
4.285792786187331416e+01
4.449775940322113144e+01
4.764967856747164632e+01
5.196201435111788669e+01
5.196201435111788669e+01
5.443623452937875129e+01
5.443623452937875129e+01
5.473415837896931180e+01
5.493613567449845192e+01
5.540774353046522549e+01
5.555451303974451349e+01
5.555451303974451349e+01
5.555451303974451349e+01
5.555451303974451349e+01
5.567018647580059110e+01
5.567018647580059110e+01
5.567018647580059110e+01
5.567018647580059110e+01
5.602309593033778867e+01
5.847854287707223619e+01
5.847854287707223619e+01
5.847854287707223619e+01
5.847854287707223619e+01
5.847854287707223619e+01
5.847854287707223619e+01
5.847854287707223619e+01
5.847854287707223619e+01
5.847854287707223619e+01
5.847854287707223619e+01
5.847854287707223619e+01
5.847854287707223619e+01
5.847854287707223619e+01
5.847854287707223619e+01
5.847854287707223619e+01
5.847854287707223619e+01
5.847854287707223619e+01
5.847854287707223619e+01
5.847854287707223619e+01
5.847854287707223619e+01
5.847854287707223619e+01
5.847854287707223619e+01
5.847854287707223619e+01
5.847854287707223619e+01
5.847854287707223619e+01
5.847854287707223619e+01
5.847854287707223619e+01
5.847854287707223619e+01
5.847854287707223619e+01
5.847854287707223619e+01
5.847854287707223619e+01
5.847854287707223619e+01
5.847854287707223619e+01
5.847854287707223619e+01
5.847854287707223619e+01
5.847854287707223619e+01
5.847854287707223619e+01
5.847854287707223619e+01
5.847854287707223619e+01
5.847854287707223619e+01
5.847854287707223619e+01
5.847854287707223619e+01
5.847854287707223619e+01
5.847854287707223619e+01
5.847854287707223619e+01
5.847854287707223619e+01
5.847854287707223619e+01
5.847854287707223619e+01
5.847854287707223619e+01
5.847854287707223619e+01
5.847854287707223619e+01
5.847854287707223619e+01
5.847854287707223619e+01
5.847854287707223619e+01
5.847854287707223619e+01
5.847854287707223619e+01
5.847854287707223619e+01
5.847854287707223619e+01
5.847854287707223619e+01
5.847854287707223619e+01
5.847854287707223619e+01
5.847854287707223619e+01
