3.800441193936674722e+01
3.800441193936674722e+01
3.800441193936674722e+01
3.953681885436590449e+01
4.262071735919194992e+01
4.262071735919194992e+01
4.611540118097332908e+01
4.611540118097332908e+01
4.611540118097332908e+01
4.611540118097332908e+01
4.611540118097332908e+01
4.611540118097332908e+01
4.611540118097332908e+01
4.611540118097332908e+01
4.708764523897544763e+01
4.708764523897544763e+01
4.880154349883658682e+01
4.916777706137091286e+01
4.916777706137091286e+01
4.916777706137091286e+01
4.916777706137091286e+01
5.027445163348043877e+01
5.027445163348043877e+01
5.036395878359856226e+01
5.036395878359856226e+01
5.036395878359856226e+01
5.036395878359856226e+01
5.036395878359856226e+01
5.036395878359856226e+01
5.036395878359856226e+01
5.036395878359856226e+01
5.060341573853523300e+01
5.060341573853523300e+01
5.127204829925258878e+01
5.127204829925258878e+01
5.127204829925258878e+01
5.127204829925258878e+01
5.127204829925258878e+01
5.127204829925258878e+01
5.127204829925258878e+01
5.127204829925258878e+01
5.127204829925258878e+01
5.127204829925258878e+01
5.127204829925258878e+01
5.127204829925258878e+01
5.127204829925258878e+01
5.127204829925258878e+01
5.127204829925258878e+01
5.127204829925258878e+01
5.127204829925258878e+01
5.127204829925258878e+01
5.127204829925258878e+01
5.127204829925258878e+01
5.127204829925258878e+01
5.127204829925258878e+01
5.127204829925258878e+01
5.127204829925258878e+01
5.127204829925258878e+01
5.127204829925258878e+01
5.157927860132742381e+01
5.157927860132742381e+01
5.157927860132742381e+01
