1.926115906844391645e+01
1.926115906844391645e+01
1.926115906844391645e+01
2.463576651960195463e+01
2.846585376463577788e+01
2.846585376463577788e+01
2.846585376463577788e+01
2.846585376463577788e+01
2.846585376463577788e+01
3.259302345933770084e+01
3.259302345933770084e+01
3.259302345933770084e+01
3.259302345933770084e+01
3.259302345933770084e+01
3.259302345933770084e+01
3.259302345933770084e+01
3.259302345933770084e+01
3.259302345933770084e+01
3.360623676131370985e+01
3.360623676131370985e+01
3.360623676131370985e+01
3.360623676131370985e+01
3.360623676131370985e+01
3.360623676131370985e+01
3.360623676131370985e+01
3.360623676131370985e+01
3.360623676131370985e+01
3.360623676131370985e+01
3.360623676131370985e+01
3.360623676131370985e+01
3.360623676131370985e+01
3.360623676131370985e+01
3.360623676131370985e+01
3.360623676131370985e+01
3.360623676131370985e+01
3.360623676131370985e+01
3.360623676131370985e+01
3.360623676131370985e+01
3.360623676131370985e+01
3.360623676131370985e+01
3.360623676131370985e+01
3.360623676131370985e+01
3.360623676131370985e+01
3.360623676131370985e+01
3.360623676131370985e+01
3.360623676131370985e+01
3.360623676131370985e+01
3.360623676131370985e+01
3.360623676131370985e+01
3.360623676131370985e+01
3.360623676131370985e+01
3.360623676131370985e+01
3.360623676131370985e+01
3.360623676131370985e+01
3.360623676131370985e+01
3.360623676131370985e+01
3.360623676131370985e+01
3.360623676131370985e+01
3.360623676131370985e+01
3.360623676131370985e+01
3.360623676131370985e+01
3.360623676131370985e+01
