-3.601568615764519876e+01
-7.409445796073173085e+01
-1.396016428373600888e+02
-4.163507134847350244e+00
2.036959223098752432e+02
-1.545823904795131796e+02
-1.307464730620000921e+02
3.746172717625550774e+01
8.044296751624969488e+00
-5.318925879892947961e+01
2.077568850184730138e+02
-9.252850178408121451e+01
6.288430662750151612e+01
1.932344797367058220e+01
-2.697583726468028544e+02
-8.597840762522253044e+01
-8.809123535895091095e+01
2.036816490672064788e+02
-5.796137745996924195e+01
1.509609123509036976e+00
-1.851918383726053037e+02
-1.550493939318359367e+02
-5.818449647334698227e+01
1.750463984694374631e+02
4.253721780544453424e+01
4.130021190375634177e+01
6.629854374670514972e+00
6.977028867426658110e+01
5.777151627360927222e+01
4.741587715799330738e+01
1.039626850095573900e+02
1.438788709640081009e+01
3.119152610764389166e+01
-3.487176599074054906e+01
1.003326532270979214e+02
-1.763506170899902514e+01
1.116240556320938424e+02
4.508112362082047753e+01
-7.150421922121776674e+01
-6.575337639772267551e+01
-4.490451535014020834e+01
-9.826000280467596326e+01
1.479855934960028492e+02
-2.672914612832942112e+02
-1.926102166468173209e+02
1.109116231881557724e+00
-2.502789382252432233e+02
1.546326474112587448e+02
7.063685502548881345e+01
-2.533818581757807351e+02
6.317311868266656916e+01
4.456404450421013763e+01
6.672011382387513834e+01
-3.307794597319329455e+01
1.528716438027954041e+02
-2.088171107074474548e+02
1.073567362424844731e+02
-1.200255876346360964e+02
9.535721039450892533e+01
1.737623326722847992e+02
4.633031455944431798e+01
-1.469788284772673137e+02
-9.043632517172271434e+01
1.118064308055533189e+02
-3.251724251350928796e+00
-1.686472834330083401e+02
-1.175968443679636621e+01
-9.407035562590866817e+00
-1.344739747030327521e+02
-1.688846987935774990e+01
3.190886341668188919e+01
4.738839227767763873e+01
1.303950111958670632e+01
9.037171179119771125e+01
-1.271142197940765186e+02
-1.333267919035258444e+02
-9.810715727006879661e+01
-4.622654779185594975e+00
1.850508500650981603e+00
-9.653487828644202295e+01
-8.269046294797884400e+01
6.943272900051675833e+01
-9.812315675283377914e+01
-1.249836009418152685e+02
-1.596901459150179790e+02
2.639770731350883537e+01
1.546591577097249228e+02
-5.425848582359425620e+01
-2.392835682675996267e+01
6.080989281824512460e+01
-4.409599043422224440e+01
2.842941489853708958e+01
7.622298687873794165e+01
-1.244785294832017684e+02
1.785250299604592783e+01
3.202412991154243116e+01
-3.212724733753200894e+02
-3.802176615718618535e+01
-1.585900866881562763e+02
-1.208941283279550305e+01
1.712685901800848853e+01
8.936709939296858352e+01
-4.796053325597580397e+01
-1.286920753454079431e+02
-7.856763036359269847e+01
2.067506639363184604e+02
-4.947551882200633599e+01
1.223202926817803871e+02
-4.042846547603719642e+01
6.187955604302938895e+01
1.807670536182245939e+02
9.302491249720040400e+01
2.967332946174612118e+01
7.371397622225083524e+01
-2.773497444041657189e+01
-7.609779170904222667e+01
-7.705424310509170027e+01
-1.658042119007630220e+02
1.095891195557525037e+02
9.895478522394927268e+01
2.807399887185037457e+01
8.668720970151875349e+01
1.458141488502394054e+02
-2.144587902036170988e+02
6.102371685391635481e+01
-6.621528774915859117e+01
5.768380353061077415e+01
1.375720382033811973e+02
-5.047487869624600876e+01
2.805008493806137793e+01
9.275978794146784168e-01
5.753887352727478799e+01
6.192603266387506977e+01
-1.597542274824920305e+01
4.525838533617340431e+01
1.363982830853900907e+02
1.435356093747245865e+01
-1.270583374019601663e+01
-1.042557035615410257e+02
4.972176461525079816e+01
-1.304012166133718438e+02
-1.963047006309363240e+01
1.190991237094308133e+02
-1.320637060732080954e+02
8.835075430923457418e+01
-7.272619817289395883e+01
4.745442841076287976e+01
1.726211760932185371e+02
-1.027653379713643034e+02
-5.295104810907989190e+01
9.516627517263567881e+01
-1.180945500297556805e+02
-6.332658591443006202e+01
4.083135591444872148e+00
2.530790256280285888e+01
-7.392531823127735890e+01
1.546532674874315774e+02
-4.303405937215573118e+01
3.548431973869570299e+01
1.763187901687931571e+02
-2.639593839269701334e+02
4.212152172848792020e+01
1.351382279929946151e+01
-1.933015499694834887e+02
1.869496590280914177e+02
-1.260177076761299588e+02
-4.848340447384654084e+01
1.275479289650831838e+01
-9.203583412493556182e+01
1.703627407463332304e+02
-6.694761173756039341e+01
1.553613625311062378e+02
-1.273987299449312083e+01
4.292087442799572550e+00
1.889865720118768522e+01
1.331479797455531866e+02
-5.441704403628266107e+01
-6.712394933030934396e+01
-7.420972878662141170e+01
-8.808243431246864930e+01
1.495792958270926931e+01
-3.800194560711337743e+01
2.476211183821619244e+01
2.800866476225251134e+01
-1.309422351385604770e+02
4.605598856486486881e+01
4.200555066557941331e+01
1.658655120872471400e+02
-5.367216554756259228e+01
1.909343130495593925e+02
5.238339586609956200e+01
2.599237838159427127e+01
2.315839124754718910e+02
3.110160192104385146e+01
-4.273408841734319452e+01
5.107411143000368270e+01
-7.312721899628499500e+00
1.072358205221487708e+02
-1.566799787029636946e+02
-1.697355472600407325e+02
-3.052095355856959813e+01
1.238837876279870187e+00
-7.829589870792106865e+01
7.910497281894215860e+01
-1.222248455090564931e+02
-6.340374827306187910e+01
-5.147274344548222302e+01
1.052236888992565014e+02
-5.980436463347783160e+01
-4.560040661758956304e+01
4.887421207840382920e+00
9.130079570254180510e+01
8.466316547537581982e+01
-3.930460834235719858e+01
1.465733738948382552e+02
2.952701476099519482e+02
-1.953302450820252290e+01
-1.983853057628133243e+01
-5.023797842039500239e+01
-7.791244703302500341e+01
-2.654753460701887207e+02
6.715771096370443161e+01
-5.822955597289266905e+01
2.909959814197159034e+01
-5.651928489513929321e+01
-1.229162194538225066e+02
-5.219539632482690195e+01
-2.263800753446374756e+02
2.828175878695170553e+01
7.187246320782170983e+01
-1.471811341756566947e+02
-5.399105451743289308e+01
-1.597716350550949738e+00
2.023504286410426118e+02
1.002734089431870927e+02
-2.097675637637345574e+02
1.091591380368571720e+02
-8.960818694984577348e+01
2.766334088134029656e+01
2.479922882971935678e+02
-1.068405541367293523e+02
-1.169755771947662453e+02
-1.301949642402680922e+02
-3.756757746161397904e+00
3.135804795778259901e+01
-3.098961067484018983e+01
1.213559987781520988e+02
5.391620643935552692e+01
1.148772361503824158e+01
-2.094837664375652366e+02
3.329084671202480905e+01
1.247558636183770773e+02
-1.182211347804774846e+02
1.510623440225585910e+02
7.992621418500192476e+01
-9.060783056488160980e+01
1.747168285425079404e+01
7.465329092904279662e+01
1.304944544947248630e+02
1.868662575799086198e+02
8.505342009640496315e+01
-1.990618019585784992e+01
6.425033829799981788e+01
1.228158757780064718e+02
1.029832000356227297e+02
