6.601103858311013539e+01
6.601103858311013539e+01
8.737870783429059429e+01
8.737870783429059429e+01
8.871679627126204082e+01
8.913289246928256659e+01
8.913289246928256659e+01
8.913289246928256659e+01
8.913289246928256659e+01
8.913289246928256659e+01
8.913289246928256659e+01
8.913289246928256659e+01
8.969061166337205293e+01
8.964188000615581586e+01
8.964188000615581586e+01
8.964188000615581586e+01
9.092168263345199364e+01
9.114679402095825367e+01
9.114679402095825367e+01
9.114679402095825367e+01
9.114679402095825367e+01
9.114679402095825367e+01
9.114679402095825367e+01
9.224669517527553353e+01
9.224669517527553353e+01
9.224669517527553353e+01
9.224669517527553353e+01
9.224669517527553353e+01
9.224669517527553353e+01
9.224669517527553353e+01
9.224669517527553353e+01
9.224669517527553353e+01
9.224669517527553353e+01
9.224669517527553353e+01
9.229173230259881677e+01
9.229173230259881677e+01
9.229173230259881677e+01
9.229173230259881677e+01
9.229173230259881677e+01
9.229173230259881677e+01
9.229669509194094701e+01
9.229669509194094701e+01
9.229669509194094701e+01
9.229669509194094701e+01
9.229669509194094701e+01
9.229669509194094701e+01
9.229669509194094701e+01
9.229669509194094701e+01
9.229669509194094701e+01
9.229669509194094701e+01
9.229669509194094701e+01
9.229669509194094701e+01
