3.636599756218706858e+01
3.636599756218706858e+01
4.307534910896295344e+01
4.307534910896295344e+01
4.605456307284594430e+01
4.605456307284594430e+01
4.951639946337811438e+01
4.951639946337811438e+01
4.951639946337811438e+01
4.951639946337811438e+01
4.951639946337811438e+01
4.951639946337811438e+01
4.951639946337811438e+01
5.175836260130209610e+01
5.175836260130209610e+01
5.175836260130209610e+01
5.175836260130209610e+01
5.175836260130209610e+01
5.175836260130209610e+01
5.175836260130209610e+01
5.175836260130209610e+01
5.175836260130209610e+01
5.175836260130209610e+01
5.175836260130209610e+01
5.175836260130209610e+01
5.175836260130209610e+01
5.175836260130209610e+01
5.175836260130209610e+01
5.175836260130209610e+01
5.175836260130209610e+01
5.175836260130209610e+01
5.175836260130209610e+01
5.175836260130209610e+01
5.175836260130209610e+01
5.175836260130209610e+01
5.175836260130209610e+01
5.175836260130209610e+01
5.175836260130209610e+01
5.175836260130209610e+01
5.175836260130209610e+01
5.175836260130209610e+01
5.175836260130209610e+01
5.175836260130209610e+01
5.175836260130209610e+01
5.175836260130209610e+01
5.175836260130209610e+01
5.175836260130209610e+01
5.175836260130209610e+01
5.175836260130209610e+01
5.247724089012447024e+01
5.247724089012447024e+01
5.247724089012447024e+01
5.247724089012447024e+01
5.247724089012447024e+01
5.247724089012447024e+01
5.247724089012447024e+01
5.247724089012447024e+01
5.247724089012447024e+01
5.247724089012447024e+01
5.247724089012447024e+01
5.247724089012447024e+01
5.247724089012447024e+01
