-1.958451965203795453e+01
1.282571374113301488e+01
4.928372866429322130e+01
1.084903824506563126e+02
4.753544808950849188e+01
1.884377733104547659e+01
5.779775087069204176e+01
-1.393408766019867073e+02
-4.234862007737128664e+01
-1.940772274131873871e+02
-1.056546183647070620e+02
-6.011916307573702056e+01
1.009975283958803374e+02
-1.082746617538260239e+02
2.850310727698117574e+01
-1.860959384203992215e+02
-6.052124500051711209e+01
-1.748717877745426108e+01
6.296957499173764461e+00
-5.535160938748871473e+01
5.753713967167792021e+01
1.273356870991955532e+02
6.988354440558761382e+01
2.103133490130984740e+01
3.243798999184602394e+01
8.806421478725967233e+01
-9.350778105646318750e+01
5.549266573440456796e+01
-1.350636998681106888e+02
6.569675601012968968e+01
-8.067134670807452324e+01
6.528339890782368116e+01
7.609415399594314522e+01
-1.291320914191619522e+02
-9.235441891301915973e+01
1.027901588557917165e+02
-4.049043388848331659e+01
-1.464813973643960594e+02
6.284179914128726807e+01
2.797964265800600003e+01
3.991618444521566289e+01
-3.488313753790437488e+01
-7.041190572417603732e+01
7.245026686774372138e+01
1.092877234561525341e+02
5.344227885132072942e+01
-8.464850725879070126e+01
6.129464905665752639e+01
-3.301639906396402324e+01
-1.892158578817970067e+02
-1.000447730707731608e+01
2.580131427158106305e+01
2.790655948462254443e+01
-2.236666565477495539e+00
1.006512068272486289e+02
1.474885191914048619e+02
-1.617534065359451034e+01
-4.935804644495803473e+01
7.306531940868896413e+01
4.532047923282538449e+01
-1.692855268832891795e+02
4.497087138385245453e+01
-9.887569873898435446e+01
-5.546144822716043166e+01
1.385535723524009555e+01
-1.218307760464292784e+02
-1.168782904145170676e+01
-1.101362321395349397e-01
-7.496524462136564182e+01
5.833930341073512693e+01
-3.925895163346382333e+00
1.376572445371075730e+02
1.356210368114041742e+01
-4.030244211993597503e+01
-9.059855136211479021e+01
-1.139386826492772009e+01
-1.017370584760955694e+02
-6.351085378544471638e+01
-2.436317165189846534e+01
-2.647731546616216391e+01
1.090878290619610596e+02
4.577281114080306423e+01
1.745347909109653273e+01
-1.359529528546243284e+02
5.010682300750386275e+01
6.737396400738685998e+01
-1.142417391168438812e+01
-2.322809854638089888e+01
6.301233116026230618e+01
1.219040078257162918e+01
-3.059473605149649345e+01
5.686307973510911040e+01
-7.745113464661841363e+01
1.474456743511288721e+02
-3.105558156405392367e+01
-2.185294395018630809e+01
9.074824210645131473e+01
-4.710960897341177400e+01
-9.292512539253367265e+01
1.338285824642231887e+02
-2.505171883025649748e+00
-3.550898229773999049e+01
-9.812829835892625141e+00
-1.360932028717607807e+02
-2.034179820734209443e+02
2.923384989852428362e+01
-4.545144949957068548e+01
-1.041241643985452185e+02
3.444020317446652513e+01
-6.801535932978268306e+01
-3.163680321033812959e+01
-1.617354007960517492e+01
6.537682438468974055e+01
-1.331315185248933020e+01
-1.305849249947011401e+02
-3.915585872268395917e+01
-1.651896227800154406e+02
-1.034482153586122877e+01
-1.197176127485708008e+01
-5.080440818272676040e+01
-1.848750369619128975e+00
7.670278793692793329e+01
-1.400243178510913822e+02
-1.131211162782806809e+02
7.948387554292183665e+01
-3.087130374208395978e+01
-2.299784915250868522e+01
9.281539042452602928e+01
8.752725120057878172e+00
-5.164193312680126979e+01
8.016965941675772456e+01
-1.098499244385092055e+01
-1.612725391740933958e+02
-4.282440515868879061e+01
-9.605346998284539950e+01
4.262964715128923388e+01
-2.005463308677076668e+02
9.907660941655574760e+00
1.834268023462719839e+02
5.467366709993791574e+01
-1.316745982471781495e+01
6.668774679300854302e+01
-4.227722573433041475e+00
-1.202003998816431221e+02
6.287234051424306358e+01
1.816566307661300925e+02
1.030458890643746344e+02
6.282171367922025951e+01
2.816687557444364387e+01
6.635602503438676081e+01
2.800748830451467697e+01
1.217815071191436971e+02
-3.237826708102417683e+01
-4.353180055014451710e+01
6.979876307465228535e+01
-3.966923413167198476e+01
-1.008747917104780498e+02
4.869152905857993119e+01
-8.942887508630067828e+01
-5.540486970141608936e+01
9.369188151843133028e+00
-3.071278910162106257e+01
7.589198921570083201e+01
-6.433444300044700981e+01
4.748710239272745781e+01
-6.524113676307987930e+01
-3.121339942773091991e+01
2.007159942937262826e+02
8.207771778536306329e+01
1.056149165015281568e+02
1.850977585909082634e+01
-3.760454231644072998e+00
-1.538387793391483127e+00
2.001718447795872180e+01
9.128106542815892510e-01
1.846831407167817218e+01
1.168495202513200724e+02
-7.733194245213121931e+00
-9.630702418214583815e+01
-8.743918225665423449e+01
-2.724899612952906836e+00
-8.630511462004079704e+01
4.416057955571568527e+01
-7.283704591775298809e+01
6.655072930378595686e+01
1.141740420107156595e+01
1.077056819580987366e+02
1.798136344475122073e+01
3.789852652922360932e+01
7.249194541699884553e+01
-4.338251233274015739e+00
6.472368185630161008e+01
1.058679828267705858e+02
-1.845806537116977211e+02
1.496546093224277740e+01
9.156248378705576840e+01
-1.628869718767205086e+02
-2.061550606732814472e+01
9.023114975902751667e+01
3.863641761973219957e+00
-1.495868016143733925e+01
2.829152792014509643e+00
-3.599394497217490141e+01
-5.331533112240796868e+01
5.260611588244085368e+01
7.984577226663024163e+00
-2.499062308005828825e+01
-6.591839005638080096e+01
4.931044268648496853e+01
7.800225730628741871e+01
-1.539794211872950314e+01
5.746362648241567683e+01
1.203951974108161664e+02
1.150771395927459224e+02
-1.147817796280971834e+02
2.500709044370207579e+00
3.204675369457024203e+01
-1.000122866681090450e+01
1.557459561510378592e+02
-1.040430184505410551e+02
-1.543897483730736440e+02
-7.541804864748829118e+01
-8.868899519683303367e+00
7.131980823014518478e+01
-1.166201248693004970e+02
8.145405324489102838e+01
5.093544467184967317e+01
-2.211825253781890765e+01
-3.619555507024357865e+01
8.914305706558205600e+01
-4.538372413134219130e+00
2.548200718969836132e+01
2.786689612830589979e+01
1.065377647502669305e+02
1.348849388975319812e+02
8.517100675923464337e+01
-2.168375642793272107e+01
-1.269410314867959215e+02
2.390372462285344568e+01
1.995482979278322233e+01
-1.006920510383269942e+02
-7.258493129651216691e+01
1.920691625686873181e+02
1.838979390323507346e+01
6.858463754206900376e+01
1.246329629377195261e+02
-7.462714459414955570e+01
-2.594141182719688388e+01
-9.015894824544660935e+01
-1.031562596093322668e+02
-7.378000895120702296e+01
-1.600144946434402868e+02
2.969944381371016817e+01
4.075608871256030596e+01
-1.410971079778619242e+02
-1.571515363301875823e+02
3.037992303606626621e+01
-3.539856012773011429e+01
1.080812754625552685e+01
1.255231032150989847e+02
1.466240856828427752e+01
6.195305042410046070e+01
1.851829835838455196e+01
1.668919815825172037e+01
5.445770305942240697e+01
