2.260766709492490634e+01
2.260766709492490634e+01
5.310778782499431117e+01
5.310778782499431117e+01
5.310778782499431117e+01
5.310778782499431117e+01
5.310778782499431117e+01
5.310778782499431117e+01
5.310778782499431117e+01
5.310778782499431117e+01
5.310778782499431117e+01
5.310778782499431117e+01
5.310778782499431117e+01
5.310778782499431117e+01
5.310778782499431117e+01
5.310778782499431117e+01
5.310778782499431117e+01
5.310778782499431117e+01
5.310778782499431117e+01
5.310778782499431117e+01
5.310778782499431117e+01
5.310778782499431117e+01
5.310778782499431117e+01
5.310778782499431117e+01
5.310778782499431117e+01
5.310778782499431117e+01
5.310778782499431117e+01
5.310778782499431117e+01
5.310778782499431117e+01
5.310778782499431117e+01
5.310778782499431117e+01
5.310778782499431117e+01
5.310778782499431117e+01
5.310778782499431117e+01
5.310778782499431117e+01
5.310778782499431117e+01
5.310778782499431117e+01
5.310778782499431117e+01
5.310778782499431117e+01
5.310778782499431117e+01
5.310778782499431117e+01
5.310778782499431117e+01
5.310778782499431117e+01
5.310778782499431117e+01
5.310778782499431117e+01
5.310778782499431117e+01
5.310778782499431117e+01
5.310778782499431117e+01
5.310778782499431117e+01
5.310778782499431117e+01
5.310778782499431117e+01
5.310778782499431117e+01
5.310778782499431117e+01
5.310778782499431117e+01
5.310778782499431117e+01
5.310778782499431117e+01
5.310778782499431117e+01
5.310778782499431117e+01
5.310778782499431117e+01
5.310778782499431117e+01
5.310778782499431117e+01
5.310778782499431117e+01
