7.526990021702643219e+01
7.526990021702643219e+01
8.606835394814497420e+01
8.606835394814497420e+01
8.606855887687000006e+01
8.863925648420770642e+01
8.863925648420770642e+01
8.886679402095825253e+01
8.895289246928255977e+01
8.895289246928255977e+01
8.905669509194095212e+01
9.139669509194095554e+01
9.139669509194095554e+01
9.139669509194095554e+01
9.139669509194095554e+01
9.139669509194095554e+01
9.139669509194095554e+01
9.139669509194095554e+01
9.174188000615581018e+01
9.174188000615581018e+01
9.191214184093669815e+01
9.191214184093669815e+01
9.191214184093669815e+01
9.191214184093669815e+01
9.191214184093669815e+01
9.205173230259882189e+01
9.205173230259882189e+01
9.205173230259882189e+01
9.205173230259882189e+01
9.205173230259882189e+01
9.205173230259882189e+01
9.205173230259882189e+01
9.297521402607650032e+01
9.297521402607650032e+01
9.297521402607650032e+01
9.297521402607650032e+01
9.297521402607650032e+01
9.297521402607650032e+01
9.297521402607650032e+01
9.390216020004909581e+01
9.390216020004909581e+01
9.390216020004909581e+01
9.390216020004909581e+01
9.390216020004909581e+01
9.418001907417188079e+01
9.418001907417188079e+01
9.418001907417188079e+01
9.418001907417188079e+01
9.418001907417188079e+01
9.418001907417188079e+01
9.418001907417188079e+01
9.418001907417188079e+01
