-4.201502243684854676e+01
-4.169734780875803892e+01
6.742140152465547942e+01
6.120453607171850763e+01
7.348710697929077185e+01
1.541540145453975583e+02
2.714554533996123098e+01
-3.056553226949405371e+02
-1.947815650956376032e+02
9.864840615013272895e+01
-1.383429238721866739e+02
6.811608733520247938e+01
1.724674655370848484e+02
7.421989199537260617e+01
-9.073752237316904257e+01
2.904976104696509509e+01
1.952622058195454144e+02
-1.318399517200106175e+01
3.240394633630316434e+01
-3.239347238988101907e+01
-3.106022314172378174e+00
-5.191719076448086412e+01
3.086996053348099878e+01
-3.814946653020313505e+01
-2.056096552193977800e+00
-5.827137715215933156e+00
3.718041383428001723e+01
2.590358386498210308e+01
-7.152909175305676115e+01
4.267235488792144338e+01
4.388416181985733999e+01
-6.803652577772528787e+01
-5.068958045532755108e+01
4.285689681233638026e+01
1.512205842120849866e+02
3.317399977271698930e+01
-1.063233309745439641e+02
1.586372164003889793e+02
1.257571862005227388e+02
1.129161747502854638e+02
6.614421377242598510e+01
-1.160463130197345265e+02
-3.121683331838823960e+00
1.299787360488869581e+02
1.216048546366638874e+02
-6.085559346320514607e+01
-2.572983902142270267e+02
8.370172647247198228e+00
-1.513533393038486565e+02
2.573786735268581083e+02
-1.457796837583751710e+02
-8.141961009153222051e+01
5.544375448125670403e+01
4.585760182774976101e+00
-6.738750250993982149e+01
5.862983492572526956e+01
6.245148199976948433e+01
9.368150494245135462e+01
1.207344644819489758e+02
-8.095752024940456693e+01
-8.360707647299956591e+01
2.217987609359923340e+02
1.369510151514283791e+02
-2.706693951494822770e+01
3.126070386501896436e+01
1.291826326353889165e+01
5.486583981599059001e+01
-9.499016753555002879e+01
4.200477844979938880e+01
-9.418305211753482808e+01
-4.868085641679584796e-01
-1.814926861284740767e+02
2.676941992240649029e+02
-9.982206948915616351e+01
-5.373398460247634745e+01
1.794661532984843575e+02
8.485590364821068476e+01
2.310254675706078729e+02
-2.952260159764148639e+01
1.428992674176971178e+01
1.372267963864801459e+02
-6.563243892457484208e+01
-1.054843090607485578e+01
9.623295142878744457e+01
8.749536314139223947e+00
9.143626971869257147e+01
4.917206612514410580e+01
-1.476191418497482033e+01
3.286189401411118371e+00
-7.644524863679791338e+01
-5.255300993387515973e+01
-2.297749828714145082e+01
-1.019143234141671428e+02
-7.899191400191476475e+01
-1.248058838143751643e+02
2.771858861944041408e+00
-1.421650275093491587e+02
-4.135706644281903976e+01
8.365515268570862872e+01
-1.104381049447825092e+02
-1.136642599995782206e+02
5.031253224724393647e+01
3.326688294312393168e+01
-9.443055204268856073e+01
1.598827051771920651e+02
1.047297109115674232e+02
4.650874461842045804e+01
-6.761953933635352598e+01
2.585265705048461626e+01
1.076057924705775548e+02
-2.181405148449981013e+01
1.427118244563515645e+02
-4.136148582075101388e+01
-4.568325218678205601e+01
-6.983223503368439822e+01
-1.128878438092348944e+02
-1.123389913772184485e+02
1.180599492433695161e+02
4.171020153231282279e+01
-2.315972730521773570e+01
7.117612916426048741e+01
2.474490499058769615e+02
-1.634254226085054711e+02
1.898998485588595031e+02
-4.571792087340456590e+01
1.974813529527466471e+02
4.895128026863916659e+01
-1.757616395124252904e+02
6.714615592557957768e+01
1.063300756754163672e+02
-2.959573611064462639e+01
1.957234070887295729e+02
4.187107020478032382e+01
-1.358315997826079524e+02
9.018020781294421795e+01
1.149035690482212573e+02
-5.364343982245286924e+01
-6.443348180223713939e+01
4.388238343335491010e+00
8.850873222365804338e+01
1.798074973110056476e+02
1.152053960263874046e+02
-1.591643952381051861e+02
1.911841970995509428e+02
1.481943850824975186e+02
-1.837407926502813211e+02
2.248358877111408205e+01
1.831584237661085268e+01
-6.211026325700091633e+01
5.423126950095535648e+01
1.890687854378722221e+01
-3.434128544899196811e+01
-6.996029435404085461e+01
9.275719367464327547e+01
-5.853111499929580219e+01
2.324739861094531648e+02
3.436992478504108384e+00
-1.849131301782355763e+02
1.092718994205468590e+02
1.258755401904724351e+02
5.475942461097496050e+01
1.180419522583012792e+01
-2.786724916453700729e+01
3.558622330561178160e+01
-3.484502547830594921e+01
1.473078409605648176e+00
-8.706556490917174074e+01
2.860800920677587555e+01
-1.234845717618141663e+02
1.309226008191788821e+02
-5.989426961249232306e+01
6.938039997154641014e+01
-1.688015503653306553e+02
-1.418984533644513419e+02
-9.873480120731237264e+01
-7.137537230409391498e+01
2.723938835781186185e+01
-4.867139704633469677e+01
1.079878229302227055e+02
-6.662764830703318353e+01
-1.102716511163666091e+01
6.234423992595153408e+01
2.074990757235596206e+01
-7.267155646169445049e+01
5.291858233916447318e+01
-1.664794613367078853e+02
4.143396241096588994e+01
2.323019445189701742e+02
-2.133230071987545173e+01
-5.865681457942404364e+01
6.643058290814070688e+01
-6.391963206594898850e+01
-1.278236297402172852e+02
-1.243511224108077506e+01
-7.532235838446553089e+01
-1.502461933558504938e+02
-1.642807001880103979e+00
9.912102114958844368e+01
2.155210862421302664e+01
8.136905572025304423e+01
1.236516192668367609e+02
-4.458105108029376140e+01
-7.863605698450031412e+01
-3.584252405701600708e+01
1.658812444050276014e+01
-1.054282934952395436e+02
-1.979806664279748247e+02
-1.367324668664277709e+01
-1.430757785015358934e+02
-1.675855420608845847e+01
-7.620231726632829350e+01
1.127248842709324350e+00
-7.616075718963608665e+01
8.935738693523819620e+01
-1.154312531606436067e+02
-8.109523446398920044e+01
-8.386889433851862918e+01
2.170893211433781644e+01
4.116563772640517982e+01
-1.546380471838703841e+02
-3.813682837380326873e+00
-1.576582637919490537e+02
1.914278180259423152e+02
1.031387117839815915e+02
1.928782725956781405e+02
1.560091231255108255e+02
-7.372914732300131391e+01
9.149675630840620499e+01
-3.182355565982326340e+01
-4.245696606640140658e+01
-7.351679797128002747e+01
-1.510119786272151430e+02
8.065428232155132093e+01
-7.419210437159908622e+01
-2.372620989640321909e+01
-1.818830773888200270e+01
7.494676533809649754e+01
-3.619855095712426163e+01
-1.938044847653806357e+01
1.411192642653053895e+02
-2.185220466370416830e+02
-2.227501049599844407e+00
1.956455278283044095e+02
3.204443307108045502e+01
-5.551962592934589935e+01
1.716135436639128784e+02
-5.102700227125213672e+01
-1.712456040274534246e+02
4.711678612635031982e+01
-9.049606774318625924e-01
-9.683826929771595360e+01
1.005523830751214831e+02
4.300266773948687415e+01
-5.618667497397922261e-02
2.322478310219957507e+02
-1.999731743090484031e+02
-8.388108730164489657e+01
-9.290246936633970165e+01
2.685397270264216019e+01
1.684503640596672085e+02
-1.336180912292285825e+02
3.780953138896521182e+00
-9.624430631436661088e+01
-3.659029900587034945e+01
-9.948739045890758348e+01
