6.456692494148754236e+01
-1.857378024723076493e+01
-2.277424752989029244e+00
1.107108048139414080e+01
-4.152743111676990395e+00
9.286512201468389094e+01
-5.801264552633752913e+01
-4.966827870946438139e+01
1.889955961801089401e+01
1.667353077409794793e+01
9.135670216365099350e+01
-3.076073455285908409e+01
-4.527917859937735656e+00
1.115016645800000106e+02
1.285782214699602264e+02
5.540559411569228843e+01
5.424910355147484609e+01
-4.123140169663251697e+01
9.505298277384882510e+01
-2.562364863364139822e+01
7.363164010401042958e+01
1.269581508142093469e+02
-5.488079325893353655e+01
-9.586147712266892995e+01
-1.655091345082144016e+02
5.988527215323291841e+01
-1.123166192293933108e+02
7.824065209996592785e+01
7.428755453670876818e+01
1.152386355118723174e+02
-5.514448454928516696e+01
-2.639551297369967742e+01
-9.141771115696781180e+01
-1.763633721711387352e+02
-1.640143290126517073e+01
8.811305045509992340e+01
3.795911375833736656e+01
6.841206049652392096e+01
7.517947669473173278e+01
-1.265642880806615125e+02
1.913708391075043025e+01
-2.281790923509039715e+01
-1.430111978072116301e+02
4.660129336456718363e+01
9.950642601667559006e+01
5.135255383923453820e+00
-2.161666631991279530e+01
-1.178885163404530445e+01
5.563612437816200895e+01
3.257969721982217948e+01
-1.286047766174306872e+01
-4.928008716332576711e+01
-2.735584231782216591e+01
9.429310157409190651e+00
-9.993218548615305963e+01
8.203622869262633799e+01
-1.268118893852683016e+02
-6.222034311386867955e+01
1.119909468681665388e+01
4.975402487933502016e+01
3.700618437363880631e+00
2.549435082344584202e+01
-7.474782349155701411e+01
-1.516620083770269645e+01
-1.547714773328081961e+01
-3.755477228102972020e+01
-3.132470032504740232e+01
-8.053290054962424449e+01
-1.343814322158944918e+01
-8.549415192939784447e+01
-2.845801842246242330e+00
1.078376487924401061e+02
-3.568510592526214964e+01
6.065246535477140100e+00
-3.985293484804051900e+01
-8.324284837988049901e+01
1.037020242708074846e+01
-1.904979387864139255e+02
1.866530327621538987e+01
-8.555214753871958067e+01
8.382115429830960807e+01
1.066729153625850870e+02
-9.667596506959593228e+01
1.733383427833898054e+02
8.492695357861059335e+01
-8.496058599909244435e+01
7.299217640790736539e+00
6.742994106164981361e+01
1.098376531088750170e+02
-1.040692673379703592e+02
1.187929798172101243e+02
-3.601286155594080896e+01
-4.358037547861866301e+01
-6.882318891831196161e-01
4.191107975693475396e+01
-2.436495367520182143e+00
5.453004883923301804e+01
2.287634752399466009e+01
8.539788911404244232e+01
-1.264683309355803686e+01
-7.373966155713887360e+01
9.791805233203308489e+01
-1.325293799720480337e+01
-7.250271376660062117e+01
-6.672970281035527762e+01
-4.770779596958938384e+01
2.254745296793135623e+01
-2.697379134100616227e+01
-3.752464095047245962e+01
7.148376822508732076e+00
2.159130809183040611e+01
-7.437480539283984626e+01
-8.147781352932565113e+00
6.093602520931803923e+01
-4.107937760723051213e+01
2.155297334213422289e+01
-3.937825734651475784e+01
-3.404404903573029628e+01
4.734621105274665354e+01
6.245306548271062752e+01
1.539540783272606106e+01
1.623832445022121078e+02
-2.485298755054137487e+01
-4.198094552767391008e+01
-1.308946708360453925e+01
-8.479988964386830474e+00
8.170868235352751086e+00
5.898569183909444291e+01
-4.527991563271353925e+01
-1.198057464542494017e+02
-8.327270655493937568e+01
8.016126228837903156e+00
9.261902454540273766e+01
-2.427376510589488134e+01
5.661788699812862546e+01
1.035828533129888882e+02
8.039327582827075958e+01
-2.580822186107591421e+01
-1.484609626520566223e+02
-3.087169470899384649e+01
-4.782628373402233990e+01
-1.733316472547431530e+01
1.548502018209175048e+02
8.227624162836148969e+01
8.231923540226625846e+01
6.425295777960782573e+01
-3.100579974127379401e+01
3.003394207241782965e+01
6.345015508975829022e+01
-8.703426540854431437e+01
-1.039895623767591992e+01
-1.232871441261803227e+02
3.490020955147340942e+01
-5.354119625097762025e+01
5.382143336241212239e+01
6.616154058012803318e+00
1.012402296306940457e+02
1.368682766517933658e+02
-5.208454761761866791e+01
-1.316694609828855675e+02
6.401530365332487804e+01
-1.036330335582967876e+01
-4.115008029761422392e+01
-1.004080399841154048e+01
1.085194616458396766e+01
8.605944692802152929e+01
-6.233992698569098678e+01
1.156110039166760117e+01
-2.216178526358404213e+02
1.876790268309944310e+01
3.438091206787960985e+00
-1.254507244716543113e+01
8.370667660248982145e+01
3.501914117055235920e+01
8.367218761328567211e+01
2.791794864531808784e+01
-6.304108144625433852e+01
4.890338954181453346e+01
7.661328078991070356e+01
-5.457955067591494469e+01
3.325845007463510683e+01
-4.122444432534327774e+01
-1.558796898009944698e+02
-1.453129718232584366e+01
1.425562343787962334e+02
-3.195233569843405164e+01
5.046896559070553678e+00
2.187833131853836477e+01
4.089388593730243571e+01
2.380845109776280921e+01
-3.067975115990579127e+01
-1.465123709558210692e+02
-4.118019429824686739e+01
-2.571221345047395079e+00
-1.719086958658568420e+01
-6.988282812636739116e-01
-1.003735356492103534e+02
-2.313166706884885215e+01
-1.556485421353974630e+02
2.665199077766305180e+01
3.557188093319345512e+01
9.369347318610284248e+00
2.120316895516833000e+00
2.712212846961827495e+01
4.730178126846138298e+01
-1.083984952820225516e+02
9.174550679637812323e+01
-1.310230453966705397e+02
6.152977291937948223e+01
8.157895799628067834e+01
-6.261964056779051901e+01
-1.839761280415004023e+02
9.214122036621516543e+01
1.073496973358001014e+02
9.345064613557417488e+01
-7.758001838974084308e+01
-6.652906212622261251e+01
9.845836710018141957e+01
2.032136273762728962e+01
-1.757859134441075355e+01
-1.038594624570201859e+02
-6.176937970565361979e+01
3.934345179363477030e+01
6.812338870637996990e+01
-4.530962987373870021e+01
5.102786727829598590e+01
-1.654376117723648321e+01
-5.379139964747473357e+00
4.836283454739609056e+01
-1.220782330846295594e+01
-1.910209548875457131e+01
1.870290974118164229e+01
5.925569223596883006e+01
-9.151037121655019746e+01
-5.272050798999242005e+00
4.386311901882498177e+01
1.081713322626933120e+02
-8.335305268004306356e+01
7.058019528903241735e+01
1.323807515418029084e+02
-6.209337477415240869e+01
1.088825439704449991e+02
1.142535533808240871e+02
7.735209016248261094e+01
-9.009620933215225591e+01
-1.114374420805325983e+01
-5.886745359614303652e+01
-1.331839690577963893e+02
6.426330039879285039e+01
1.511296028959098976e+02
-2.874239063281989814e+01
1.223935494486957332e+01
-1.731118900524151627e+01
8.237280062869066910e+01
8.801164137003162580e+01
-6.059058849363304411e+00
-9.035675929716757082e+01
3.986746015694205880e+01
4.201300011571549931e+01
-9.758371844074267187e+01
3.567553780699230970e+01
1.886068145354305869e+01
-8.324942150745897607e-01
-1.095555292758681531e+02
-1.853438083477738019e+02
