4.817695410451698024e+01
4.817695410451698024e+01
7.474617118842452612e+01
7.474617118842452612e+01
7.474617118842452612e+01
8.659140997390336736e+01
8.659140997390336736e+01
8.659140997390336736e+01
8.659140997390336736e+01
8.659140997390336736e+01
8.659140997390336736e+01
8.659140997390336736e+01
8.659140997390336736e+01
8.659140997390336736e+01
8.659140997390336736e+01
8.659140997390336736e+01
8.659140997390336736e+01
8.659140997390336736e+01
8.659140997390336736e+01
8.659140997390336736e+01
8.659140997390336736e+01
8.659140997390336736e+01
8.659140997390336736e+01
8.659140997390336736e+01
8.679140997390337020e+01
8.921585110906252680e+01
8.921585110906252680e+01
8.921585110906252680e+01
8.921585110906252680e+01
8.921585110906252680e+01
8.921585110906252680e+01
8.921585110906252680e+01
9.125457939139343466e+01
9.125457939139343466e+01
9.125457939139343466e+01
9.125457939139343466e+01
9.173157441175588644e+01
9.173157441175588644e+01
9.173157441175588644e+01
9.173157441175588644e+01
9.173157441175588644e+01
9.173157441175588644e+01
9.173157441175588644e+01
9.173157441175588644e+01
9.173157441175588644e+01
9.173157441175588644e+01
9.173157441175588644e+01
9.173157441175588644e+01
9.173157441175588644e+01
9.173157441175588644e+01
9.173157441175588644e+01
9.173157441175588644e+01
