3.515458345207939317e+01
-4.341894960878726550e+01
8.281593539771179735e+01
-6.831755412781505754e+01
2.946372803078572034e+01
-5.804684792477095812e+01
1.729689813005600456e+02
1.067757355834417154e+02
-7.938376724347369873e+01
1.713432669898545555e+02
5.360942204907163244e+01
-1.292160632316818294e+02
-2.494527205193173813e+01
-3.977201548736294967e+01
6.702765861955235493e+00
1.217516187178754308e+02
-2.543779054067944401e+02
-7.688562004569213570e+01
1.157381735645331986e+02
-1.112245005040873451e+02
6.128596716802030642e+01
9.908015453341755929e+00
1.840507509728253979e+02
6.670249559455670862e+01
7.893161639540224428e+01
4.214282935945534092e+01
-3.802423940273835257e+01
2.317392220431289829e+01
5.012014533391474913e+01
-3.380522804706127005e+01
2.328748830984491036e+01
5.013172445719506243e+01
1.810523419860953993e+02
8.748718380193098199e+01
7.001852922166700921e+01
4.309991374271834985e+01
-4.327644405178157427e+01
8.538424727886444998e+01
1.042399694025553174e+02
5.931240907296103160e+01
-5.411333859511398003e+00
4.308822317027301096e+01
-1.141117800930295090e+02
-9.902743838401741527e+01
-1.951985663682569694e+01
1.454671351132975587e+02
-2.111820151896166635e+02
-3.686250434696303557e+01
1.224448631447024667e+02
-6.218431033988544954e+01
-1.456229733681323637e+02
1.902873249674868816e+00
2.956329728681942726e+01
-8.883533122793437542e+01
-4.693919978453183717e+01
-1.280487402673010990e+02
2.785502116073853784e+01
-8.786858429494607492e+01
-4.805257999714358164e+01
-7.250677493396298701e+01
1.466480343739863912e+01
1.030048263457179161e+02
8.060921551628493376e+01
2.828589294197124104e+01
1.848451625780492691e+02
-2.074091369333937607e+01
-1.916223227309954069e+01
-7.347116476205650315e+01
2.425745005284427123e+02
3.228732893215880040e+01
-3.550181786775173975e+01
-1.096996518258463169e+02
-8.637249619743073481e+01
1.403756006220757797e+02
-4.847126382198644023e+01
-1.398119485618911426e+02
-1.402624339122785955e+02
-6.642939169442932723e+01
7.065604141238765123e+00
1.237089293190952048e+02
-2.028192863209502406e+01
-3.344835185966992697e+01
-7.692570915427779710e+01
8.409312551258442170e+01
9.462676372369720923e+00
2.538964248371836874e+01
5.797266064541089747e+01
-2.433794317930343709e+02
6.472055544603757937e+01
-1.501887851941295082e+02
-5.965542179039037052e+01
-1.237074055019744776e+02
-7.647949465502121313e+01
2.954887480561078661e+01
4.910253689452769521e+01
4.489354647381517083e+01
-7.185176519610106993e+01
9.111572648736861879e+01
-8.582006883035258227e+01
5.975514664297442380e+01
1.554095392961563391e+02
-1.813193993216089552e+02
1.258553452371766745e+00
-1.816528775706763383e+02
4.067423073540985001e+01
-1.712726751159957530e+02
-1.005527938701082746e+02
1.064334572624098598e+02
2.201647403969215233e+01
-3.638119581487489285e+01
-2.285212961401691700e+01
-8.562502374584471454e+01
5.258842617372389583e+01
1.562909735031143121e+01
1.239366558016792936e+02
1.573174631628043016e+02
8.156708283538557680e+01
9.045853242883075040e+01
7.813768140431998077e+00
-1.196084987642434356e+02
-2.002810219802559999e+01
-1.776161537920800981e+02
5.559895170039123258e+00
-6.361459711962714891e+01
-3.624048998255511123e+01
-1.556870431819580745e+02
8.357323802437697680e+01
1.241905345748846088e+02
2.780444493106687887e+01
-7.750223928037109999e+01
-5.022755676361177990e+01
1.206887158364373391e+01
6.846720678857020914e+01
1.654302587173687300e+02
-1.172058191013373403e+02
2.593058410495692812e+01
-4.231568996928541537e+01
-7.770263132973258280e+01
-4.913796378192470371e+01
9.083427317371473464e+01
6.624827035455851387e+01
-1.966919935188023771e+02
-1.386219682264096491e+02
-1.249710176550091489e+02
-1.706773047995711465e+02
9.182951973260522038e+01
-1.647056908453482436e+02
7.006193933829209186e+01
-1.473781638694655669e+02
8.008932229407874104e+01
1.514979194930121764e+02
-9.820769007093806735e+00
8.096474368861666449e+01
2.267807422411153695e+01
-1.066032046110302289e+01
1.339837919348892399e+02
-1.159628380441540827e+02
-1.073947112742692696e+02
-1.542593588602212940e+01
4.679847648503161395e+01
6.220286329863870378e+01
-1.030479404886112889e+02
7.786228773873553166e+01
2.593447047057597388e+01
1.203491996245375049e+02
-5.284117259941621292e+00
1.703187887058360275e+02
-3.313925400580438207e+01
-6.671530759518589093e+00
-1.557441446844723600e+02
-4.601461656362273089e+01
-1.376987551074830662e+02
1.862682600554688577e+02
4.947975979939950975e+01
7.458745765571434561e+01
5.520260178799664175e+01
-2.163698080347980692e+02
5.723758974889306295e+00
-1.193255161674534435e+02
-5.997751654877670546e+01
-2.099013076485053375e+01
5.616685858754728145e+00
6.088794958405912894e+01
-8.850725770494402411e+01
-1.504759958187746065e+02
3.531187838561136516e+01
2.184371495400305037e+02
2.493045664424386700e+02
-5.267387264212274545e+01
-1.282615767874082024e+01
2.559920863751809250e+01
1.520966965663686778e+02
1.216558006074643572e+02
-1.375656081890089126e+02
1.131278799326510978e+02
-1.200519816987234947e+02
4.340858486894879320e+01
-1.624187495434949824e+02
-8.179852448338515103e+01
4.036118794088105233e+01
-2.413361685445627103e+01
-7.995065716618235285e+01
-7.377711695061104535e+01
1.205695606595707261e+02
-2.186419253674892360e+01
-1.106443326357558306e+02
1.277013380338076445e+02
-5.522022075786051687e+01
-2.151658796112293999e+02
-1.352665858171660602e+02
1.473213566324499979e+01
2.603123421907861967e+01
1.596809798287317506e+02
2.466197657435480295e+01
-2.577394315855232065e+01
2.030013263649490085e+01
4.643361598381351030e+01
8.453116561553387953e+01
1.298003269262695483e+02
-1.311426604662003115e+01
3.822725795587574282e+01
1.411907541847030814e+02
2.537945262037111149e+01
1.254550233321175057e+02
2.016946434442638392e+01
-2.487410488876844283e+02
-1.490921792003522910e+02
-1.102354311176170256e+02
5.841251767029833530e+01
2.597370012384237725e+01
-1.425813710051454848e+02
5.551762588546846189e+01
4.579898848460935312e+00
-2.614652134602783207e+01
-1.636391083608698125e+02
-2.942005622152830924e+01
-1.296995599283524712e+02
5.561453719113049488e+01
1.015699561492482985e+02
-4.095382250790143530e+01
1.849427433058130177e+01
-1.635629416137410317e+02
2.058946195413165015e+01
-6.523851288152539496e+01
7.513157234684664232e+00
-6.330761314880168555e+01
5.272118374831713083e+00
4.274895330808907090e+01
1.887214901640890332e+02
1.169553672145904955e+02
-3.170900399336181152e+01
-1.712463880209717786e+02
1.178819273569231001e+02
1.930889642864421489e+02
-2.444551955137988486e+01
-4.773817370285891926e+00
1.231483185559400368e+02
1.498992780392655106e+02
-1.598756272997955818e+02
-1.224886736130696221e+02
-7.365219894234705578e+01
-6.617349194981417781e+01
1.171791702375605837e+01
-9.812291939554749831e+01
-1.287631659203065055e+02
