4.752236640010548285e+01
4.752236640010548285e+01
4.752236640010548285e+01
4.752236640010548285e+01
4.881467347537979862e+01
4.881467347537979862e+01
5.439025538267627979e+01
5.439025538267627979e+01
5.440001447169504445e+01
5.440001447169504445e+01
5.440001447169504445e+01
5.583626324650899875e+01
5.583626324650899875e+01
5.583626324650899875e+01
5.583626324650899875e+01
5.583626324650899875e+01
5.583626324650899875e+01
5.703306696559079825e+01
5.703306696559079825e+01
5.703306696559079825e+01
5.703306696559079825e+01
5.703306696559079825e+01
5.703306696559079825e+01
5.703306696559079825e+01
5.703306696559079825e+01
5.703306696559079825e+01
5.703306696559079825e+01
5.703306696559079825e+01
5.703306696559079825e+01
5.738649585486318472e+01
5.738649585486318472e+01
5.738649585486318472e+01
5.738649585486318472e+01
5.738649585486318472e+01
5.738649585486318472e+01
5.703306696559079825e+01
6.017280968944179165e+01
6.017280968944179165e+01
6.017280968944179165e+01
6.017280968944179165e+01
6.017280968944179165e+01
6.017280968944179165e+01
6.017280968944179165e+01
6.017280968944179165e+01
6.017280968944179165e+01
6.017280968944179165e+01
6.017280968944179165e+01
6.017280968944179165e+01
6.017280968944179165e+01
6.017280968944179165e+01
6.017280968944179165e+01
6.017280968944179165e+01
6.017280968944179165e+01
6.017280968944179165e+01
7.116239450763215757e+01
7.116239450763215757e+01
7.116239450763215757e+01
7.116239450763215757e+01
7.116239450763215757e+01
7.116239450763215757e+01
7.116239450763215757e+01
7.228921375431630736e+01
7.228921375431630736e+01
7.228921375431630736e+01
7.228921375431630736e+01
7.228921375431630736e+01
7.228921375431630736e+01
7.228921375431630736e+01
7.228921375431630736e+01
7.228921375431630736e+01
7.228921375431630736e+01
7.228921375431630736e+01
7.228921375431630736e+01
7.228921375431630736e+01
7.228921375431630736e+01
7.228921375431630736e+01
7.228921375431630736e+01
7.228921375431630736e+01
7.228921375431630736e+01
7.228921375431630736e+01
7.228921375431630736e+01
7.228921375431630736e+01
