5.674233241211736356e+01
5.674233241211736356e+01
5.674233241211736356e+01
5.674233241211736356e+01
6.573469878726228899e+01
6.575002475774051902e+01
8.921858578874552848e+01
8.921858578874552848e+01
8.921858578874552848e+01
8.921858578874552848e+01
8.921858578874552848e+01
8.921858578874552848e+01
8.921858578874552848e+01
8.921858578874552848e+01
8.921858578874552848e+01
8.921858578874552848e+01
8.921858578874552848e+01
8.921858578874552848e+01
8.921858578874552848e+01
8.921858578874552848e+01
8.921858578874552848e+01
8.921858578874552848e+01
8.921858578874552848e+01
8.921858578874552848e+01
8.921858578874552848e+01
8.921858578874552848e+01
8.921858578874552848e+01
8.921858578874552848e+01
8.921858578874552848e+01
8.921858578874552848e+01
8.921858578874552848e+01
8.921858578874552848e+01
8.921858578874552848e+01
8.921858578874552848e+01
8.921858578874552848e+01
8.921858578874552848e+01
8.921858578874552848e+01
8.921858578874552848e+01
8.921858578874552848e+01
8.921858578874552848e+01
8.921858578874552848e+01
8.921858578874552848e+01
8.921858578874552848e+01
8.921858578874552848e+01
8.921858578874552848e+01
8.921858578874552848e+01
8.921858578874552848e+01
8.921858578874552848e+01
8.921858578874552848e+01
8.921858578874552848e+01
8.921858578874552848e+01
8.921858578874552848e+01
