7.526342770252080072e+01
7.526342770252080072e+01
8.791106227384334204e+01
8.791106227384334204e+01
8.791106227384334204e+01
8.791106227384334204e+01
8.791106227384334204e+01
8.857402398497816876e+01
8.857402398497816876e+01
8.857402398497816876e+01
8.857402398497816876e+01
8.857402398497816876e+01
8.857402398497816876e+01
8.857402398497816876e+01
8.906168263345199421e+01
8.906168263345199421e+01
8.906168263345199421e+01
8.906168263345199421e+01
8.906168263345199421e+01
8.906168263345199421e+01
8.917669509194095667e+01
8.948814186652396074e+01
8.954814186652396302e+01
8.955289246928256830e+01
8.955289246928256830e+01
9.013669509194095042e+01
9.013669509194095042e+01
9.013669509194095042e+01
9.032814186652396415e+01
9.032814186652396415e+01
9.062661051127251710e+01
9.081289246928257342e+01
9.081289246928257342e+01
9.081289246928257342e+01
9.152814186652395279e+01
9.152814186652395279e+01
9.152814186652395279e+01
9.152814186652395279e+01
9.175870783429060396e+01
9.175870783429060396e+01
9.175870783429060396e+01
9.175870783429060396e+01
9.175870783429060396e+01
9.175870783429060396e+01
9.175870783429060396e+01
9.175870783429060396e+01
9.175870783429060396e+01
9.175870783429060396e+01
9.175870783429060396e+01
9.175870783429060396e+01
9.175870783429060396e+01
9.175870783429060396e+01
