2.126990021702642508e+01
2.126990021702642508e+01
3.917695410451698024e+01
3.917695410451698024e+01
4.817991706964763665e+01
5.726990021702642508e+01
5.726990021702642508e+01
5.726990021702642508e+01
5.726990021702642508e+01
5.726990021702642508e+01
6.626990021702643219e+01
6.626990021702643219e+01
6.626990021702643219e+01
6.626990021702643219e+01
9.478506424239101591e+01
9.478506424239101591e+01
9.478506424239101591e+01
9.478506424239101591e+01
9.478506424239101591e+01
9.478506424239101591e+01
9.478506424239101591e+01
9.478506424239101591e+01
9.485250552318655082e+01
9.485250552318655082e+01
9.485250552318655082e+01
9.485250552318655082e+01
9.485250552318655082e+01
9.485250552318655082e+01
9.485250552318655082e+01
9.485250552318655082e+01
9.485250552318655082e+01
9.485250552318655082e+01
9.485250552318655082e+01
9.485250552318655082e+01
9.485250552318655082e+01
9.485250552318655082e+01
9.485250552318655082e+01
9.485250552318655082e+01
9.485250552318655082e+01
9.485250552318655082e+01
9.485250552318655082e+01
9.485250552318655082e+01
9.485250552318655082e+01
9.485250552318655082e+01
9.485250552318655082e+01
9.485250552318655082e+01
9.485250552318655082e+01
9.485250552318655082e+01
9.485250552318655082e+01
9.485250552318655082e+01
9.485250552318655082e+01
9.485250552318655082e+01
