3.017991706964763665e+01
3.017991706964763665e+01
4.845092391510478080e+01
5.717695410451698024e+01
6.648657125383502375e+01
6.648657125383502375e+01
8.484675666571220631e+01
8.504514190598358425e+01
8.504514190598358425e+01
8.504514190598358425e+01
8.504514190598358425e+01
8.504514190598358425e+01
8.801858578874552563e+01
8.801858578874552563e+01
8.861173587691740750e+01
8.979342407327507658e+01
8.979342407327507658e+01
8.979342407327507658e+01
8.979342407327507658e+01
8.979342407327507658e+01
8.979342407327507658e+01
8.979342407327507658e+01
9.029968104797994499e+01
9.062111423509887231e+01
9.062111423509887231e+01
9.062111423509887231e+01
9.062111423509887231e+01
9.062111423509887231e+01
9.062111423509887231e+01
9.062111423509887231e+01
9.062111423509887231e+01
9.062111423509887231e+01
9.062111423509887231e+01
9.062111423509887231e+01
9.062111423509887231e+01
9.062111423509887231e+01
9.062111423509887231e+01
9.062111423509887231e+01
9.062111423509887231e+01
9.062111423509887231e+01
9.062111423509887231e+01
9.062111423509887231e+01
9.062111423509887231e+01
9.062111423509887231e+01
9.062111423509887231e+01
9.062111423509887231e+01
9.062111423509887231e+01
9.062111423509887231e+01
9.062111423509887231e+01
9.082111423509887516e+01
9.082111423509887516e+01
9.082111423509887516e+01
