3.643561405721943913e+01
1.323443273218917682e+01
-7.951384138468613116e+01
-4.155604998916219728e+01
-6.378446765616185132e+01
1.140591488995384850e+02
6.813132706482599588e+01
4.741189411185304436e+01
-5.570552255381850060e+00
-8.611611722951089121e+01
-2.911961206649635869e-01
-5.129671843832947786e+01
5.031019288498730901e+01
-1.618928905728522594e+01
-4.734187875495102560e+01
-1.299200666816693861e+01
-2.273138158938348141e+00
1.730333215005642558e+02
1.164792590047330378e+01
-3.332827923979052542e+01
-1.299351991461934688e+02
-1.485787392869167434e+02
1.490632869368177538e+01
-1.031840618430913992e+02
-1.799230054367616205e+01
-5.628494145353806744e+01
6.786632126760770234e+01
3.523969681537276699e+01
3.119269079972876568e+01
1.688662265232445492e+01
-1.318309561252639810e+02
-6.425958047907138848e+01
1.232238800501959020e+02
7.520901546213139000e+01
1.451232692885118638e+02
-3.337836644868120572e+01
6.688069786176505716e+01
-1.714694706165606988e+02
-5.036855913981348465e+01
3.138741429475227918e+01
-1.714558766482566554e+00
1.050189476053392639e+02
9.565012054285122645e+01
1.246094225058049005e+02
8.575054025328833518e+01
-1.167864312981252084e+01
8.276555009570586208e+00
-2.482615436394969066e+00
-3.234200475952483345e+01
-1.549745773882458195e+02
-2.039619820154375063e+01
-6.614047848757870440e+00
2.066948175127602028e+01
4.071145595437473474e+01
6.785857682244582634e-01
-2.693754732918112893e+01
-3.103530081873860880e+01
4.559050864165387651e+01
-3.726726845865274385e+01
3.505241179955568498e+01
3.181853512665078654e+01
-6.719414892534187800e+01
1.857107293444634877e+00
2.291608890973972379e+01
-1.666003281253215462e+01
-1.372893397283240802e+02
-4.330379093953725800e+01
3.079624075867381805e+01
8.435918306804067868e+01
4.994028965863786595e+01
2.483093437367098204e+02
-8.054483561134456693e+01
-5.323670333838956736e+01
-2.237531770387091257e+01
-3.774096390941879520e+01
1.604331745403787224e+01
2.139380397115161969e+01
-2.403648445730662786e+01
-6.017109599023115152e+00
1.671041474357761558e+02
-5.153535250818354996e+01
-1.127413231779235758e+01
-2.393050016946406799e+01
-4.099494353710673522e+01
-1.607099641774007281e+01
3.169330681173038045e+01
3.390737471362156441e+01
-1.329857818535082892e-01
2.590516486230806947e+01
-2.046347596790491608e+01
-2.906694990688961866e+01
7.929261345284079709e+01
1.984998048684124683e+01
1.410423496556121563e+02
3.890128540289514092e+01
-9.455696403263743832e+01
-4.941686091640708156e+00
1.540057412688838667e+01
-7.501856890525731103e+01
2.067633873106110798e+01
-8.418535637917855752e+01
7.359445576191541250e+01
-3.193484963024980772e+01
-5.751608075869022940e+01
4.963095342978621716e+01
-7.179213775614606163e+01
2.974268037292481992e+01
-1.935621274503797551e+01
-1.739935497334411707e+02
-1.531918936641593376e+01
-4.268193773790528667e+01
-1.168405119751049881e+01
-1.240194937271073030e+02
4.891356563863962492e+01
1.550272184476986865e+02
-4.808936269645204931e+01
-3.836462864561082142e+01
2.067646138359211250e+01
3.448270300111793318e+01
-3.232854884414152252e+01
-9.585193164156140710e+01
-5.674719324062604642e+01
-4.383273661029032553e+01
5.534180859433962496e+01
9.303338157608777692e+01
4.194894764813304988e+01
8.928640410395591687e+01
-6.867881756160268480e+01
-9.639587146709191146e+00
5.867532441926395848e+01
-1.090479018230416841e+02
2.720979942811366570e+01
-6.867197654691101150e+01
-3.800793169565865526e+01
-6.233160137480423657e+01
-6.940538795347418244e+00
-4.184512246395952673e+01
-1.074268712826536785e+02
7.929068912468083852e+01
-4.004377238573064091e+01
-5.608540330375438288e+01
7.700238258907140221e+01
-1.010005177720428691e+02
3.659935322541750224e+01
-9.906614502541124523e+00
-1.926565352219020610e+01
-1.318240550981850561e+02
-2.716019099935055081e+01
2.114298058109780243e+01
-4.124659795238022753e+01
5.488777143697087979e+01
7.896865737009829900e+01
1.213781415212808952e+02
2.616965173296426528e+01
1.100142833996613518e+02
7.964554388508082639e+01
4.306143911716477390e+01
-1.288272842349039990e+02
6.115019822239610647e+01
2.253884098797773561e+01
1.427909935724023569e+02
-1.918947280485595641e+01
-3.822900902258885480e+01
2.057340172885481877e+02
1.271444872414486440e+02
2.857863734915706289e+01
-1.111815915528114544e+02
-1.569681482044151721e+01
7.638359413482483262e+00
1.822599837832645875e+01
-5.039397978103153974e+01
1.493490843062422755e+02
6.988904281090647430e+01
-6.317499722973236231e+01
-1.022711871196568154e+02
-7.386724482713049156e+01
1.258917620847427088e+02
-9.221454305102363946e+01
-9.086297851755540478e+01
-1.651840192032348043e+01
3.513407801181117662e+01
-7.528316462423205735e+01
1.046139002277110990e+02
7.539223975551328749e+01
2.840318471670160960e+01
-1.044479722622275091e+02
2.571416041089072735e+01
-9.686399684789380160e+01
6.332288761140176803e+00
-5.326469769138476806e+00
3.719428998228149652e+01
2.695258862106285846e+00
-4.443814722084593427e+01
1.767622359213920191e+00
1.639543880215496756e+02
-1.039714376186329901e+02
1.806765027103136134e+00
-2.178450002608825287e+02
1.640829502783404621e+02
-1.972311140304564248e+01
-1.009075065245704650e+01
-6.208352435335632080e+00
5.351943530924585701e+01
1.860618537133316153e+01
-3.980747262542531217e+01
-1.136798755680589039e+02
1.002636038625976767e+02
-4.190377823966294102e+01
-1.040622363493066302e+02
-3.528805335939163967e+01
-8.127573652103136226e+01
-8.948309688993373356e+01
2.603183830473760452e+01
3.101309190905093516e+01
4.121060550124092003e+01
-9.754838811642493113e+00
4.825398582992431074e+01
9.660112586237877963e+01
-1.871269715993999583e+01
-1.883938529240549542e+01
-8.265081263742004580e+01
-8.606096291531011389e+01
-1.431935890974670542e+02
-9.431727261334700074e+00
5.867154769923104141e+01
-1.009717009891181618e+02
1.713274057915379345e+01
2.103586527246710602e+01
-9.164666802481031027e+01
-2.908675143745491454e+01
9.786174425895495688e+00
3.182608092827766910e+01
-1.036765424051957467e+02
1.189649217109256369e+02
4.287560278860833307e+01
-1.095389507806858091e+02
1.441207100720309029e+02
4.969118718763080977e+01
2.079270639840473223e+02
6.914643679460040460e+01
4.789387825113841757e+01
-8.359098395725261810e+01
-1.312563987169961308e+02
1.159586723255924881e+02
6.504260776475535977e+01
4.951211017922015856e+01
-6.141517767731912159e+00
-1.043128358175499670e+02
4.073089887524217545e+01
7.495741100265917112e+00
1.377423148405365794e+02
7.795364426300662331e+01
6.520578049333006732e+01
1.834478250524973930e+00
2.438529228563000117e+01
-2.834771781610038843e+01
1.261360494721021652e+01
3.422788031742243220e+01
1.533557573803966818e+02
-2.652532844870012951e+01
9.119931308735948150e+00
2.316766629976768499e+01
5.292477334624733132e+00
4.390816709538079721e+01
3.737237492386562110e+01
