4.938088543343150150e+01
4.938088543343150150e+01
5.520810166987305934e+01
5.559690580210292410e+01
5.559690580210292410e+01
5.559690580210292410e+01
5.618460699701937955e+01
5.618460699701937955e+01
5.618460699701937955e+01
5.618460699701937955e+01
5.618460699701937955e+01
5.618460699701937955e+01
5.618460699701937955e+01
5.618460699701937955e+01
5.559690580210292410e+01
5.559690580210292410e+01
5.559690580210292410e+01
5.667645176966929910e+01
5.805432825438989397e+01
5.805432825438989397e+01
5.805432825438989397e+01
5.805432825438989397e+01
5.805432825438989397e+01
5.805432825438989397e+01
5.805432825438989397e+01
5.805432825438989397e+01
5.805432825438989397e+01
5.805432825438989397e+01
5.805432825438989397e+01
5.805432825438989397e+01
5.805432825438989397e+01
5.805432825438989397e+01
5.805432825438989397e+01
5.805432825438989397e+01
5.805432825438989397e+01
5.805432825438989397e+01
5.805432825438989397e+01
5.805432825438989397e+01
5.805432825438989397e+01
5.805432825438989397e+01
5.805432825438989397e+01
5.805432825438989397e+01
5.805432825438989397e+01
5.805432825438989397e+01
5.805432825438989397e+01
5.805432825438989397e+01
5.805432825438989397e+01
5.805432825438989397e+01
5.805432825438989397e+01
5.805432825438989397e+01
5.805432825438989397e+01
5.805432825438989397e+01
5.805432825438989397e+01
5.805432825438989397e+01
5.805432825438989397e+01
5.805432825438989397e+01
5.805432825438989397e+01
5.805432825438989397e+01
5.805432825438989397e+01
5.805432825438989397e+01
5.805432825438989397e+01
5.805432825438989397e+01
5.805432825438989397e+01
5.805432825438989397e+01
5.805432825438989397e+01
5.805432825438989397e+01
5.805432825438989397e+01
5.805432825438989397e+01
5.805432825438989397e+01
5.805432825438989397e+01
5.805432825438989397e+01
5.805432825438989397e+01
5.805432825438989397e+01
5.805432825438989397e+01
5.805432825438989397e+01
5.805432825438989397e+01
5.805432825438989397e+01
5.805432825438989397e+01
5.805432825438989397e+01
5.805432825438989397e+01
5.805432825438989397e+01
5.805432825438989397e+01
