7.893569663841353190e+01
-1.497049697851449537e+02
4.744974361845066824e+01
-1.260583561689690555e+02
1.163888950715303281e+02
3.601596148066661840e+01
-6.814547496580851771e+01
3.219603391154478800e+01
9.169432756952208274e-01
-2.838418937852032542e+01
2.375832806331445823e+01
6.213441638337543793e+01
-3.709775059316926615e+01
5.070214428250875471e+01
4.789132438478977605e+01
-4.365458172821399785e+01
1.537994679166409639e+01
5.384188168423699494e+01
2.719838777599797197e+01
2.924659490323650957e+01
5.120959548228496772e+01
1.746376358286752861e+01
5.481764465935648900e+01
-7.310612080095846466e+01
4.511514117047013883e+01
3.262570317719887925e+00
1.569970916327219967e+01
7.590999352106940989e+00
9.487808714076035699e+01
2.144910904765518112e+01
-2.891837619556005023e+01
2.942343777116748882e+01
-3.844389196488135951e+01
5.072852891425687005e+01
-5.580653392197464058e+01
-9.071201422986752050e+01
-4.144721024588336888e+01
8.129167301213414021e+00
4.964796197745464212e+01
-3.831016774432822558e+01
-5.212050343965784549e+01
4.620530009158769502e+01
-1.798008591472363094e+01
-7.340863245858969321e+01
3.244253062210094640e+01
5.101714107812740906e+01
-2.619181817348274777e+01
4.795278781576332960e+01
7.045790582870442620e+01
5.916125838808601145e+01
8.687839746617747494e+01
5.353213333652693251e+00
7.284176339463869887e+00
-4.771332725411700437e+01
-1.196129982211162712e+02
1.262790005457205034e+01
4.012250001317191561e+01
-2.733286091875019252e+00
-5.357114734671283962e+00
4.677042369888297912e+01
6.180899486783611962e+01
-4.278093931389079785e+01
-1.373970457081028229e+01
-2.287208809626892503e+01
5.940036654727371968e+01
-8.762871794172608020e+01
-1.214818171169938665e+01
-6.342729252857622413e+01
-5.253726615789377519e+01
-3.411212833045590287e+01
6.308325834795218867e+01
-3.389148214951529070e+00
-3.368336728009418746e+00
1.279598795084206699e+02
7.347364956365957767e+00
1.513335597680047329e+01
-6.274569605927581506e+01
4.881825354913569015e+01
2.870209450539780249e+01
1.511555444624172750e+01
-4.783374927958426781e+01
-7.951816101071273124e+01
-4.324376021769776912e+01
-6.996715919580691434e+01
6.662408260427663720e+01
5.058338694976806948e+01
-1.802556209663838516e+01
1.007549725750395453e+01
2.893381878158498210e+01
-3.509998926888920323e+01
-5.612154596800849049e-01
6.517497888022518282e+00
-5.923195064617964078e+00
1.778264247680036192e+01
2.470305750028238378e+01
1.760427839266475303e+01
1.090553646445099645e+01
6.208059179341000089e+01
1.323897283767673727e+01
6.441385070787941913e+01
-1.645904187706399924e+01
-3.125365094997479787e+01
3.543338776151005476e+01
-5.276275391783783419e+01
7.863574999018723588e+01
-2.400273108583739301e+01
-7.146549090521152436e+01
3.969231000953946875e+01
2.235476633720846351e+01
3.170089371208548457e+01
-8.549214109021002628e+01
1.016818415921192198e+01
3.458406696712869888e+01
4.065909885543958779e+01
-1.101762650586575347e+02
-2.045373870042882203e+01
-9.381238831313665116e+01
4.313193522053826712e+01
8.179858190666288920e+01
7.902170906179645016e+00
-1.354427004881172891e+01
8.206493964964735710e+00
-5.250278870556149968e+01
-2.047429963683033094e+01
-5.164002359206897097e+00
-2.498850955536040885e+01
5.431128374427002470e+00
3.707858246434263094e+00
-5.242768965262332870e+01
-3.050971954575611278e+01
-4.522737177442517975e+01
-3.355519873864211888e+01
-1.475810123395149631e+01
-2.015960072246612711e+01
-2.148896925008450154e+01
-3.619793058700135191e+01
-5.836379057288430516e+01
5.248935422186994160e+00
-3.890152513959282743e+00
5.893799672537286938e+01
6.489828269844090869e+01
7.130857735196798330e+01
1.758403323886126657e+01
-1.483219881125614492e+01
-7.211572530690624205e-02
1.685418322989852058e+01
-2.685061451225971396e+01
-2.249864806844255227e+01
4.610439131648604416e+01
-7.505291865565521903e+01
-9.790336213225572237e-01
-8.939508806405406460e+01
3.877045865089544208e+01
-1.087991881133547025e+02
-3.810437975287651113e+01
3.635858115593067197e+01
-4.496319914498234738e+01
1.020973983370205502e+02
-4.991572548805326903e+01
1.865891960699057250e+01
-1.452011846593629230e+02
-2.040913206192917073e+01
-3.456630130561961778e-01
-6.469085559267565344e+00
-5.801888697184293164e+01
-4.064130411199712967e+00
-6.735790954092743732e+01
1.234647803950555023e+01
1.904296892153460874e-01
3.405018031626705266e+01
-5.590458764567495109e+01
-3.285780035818886802e+01
3.410240124731866018e+01
9.561484821399683653e+01
-1.003841672936281881e+01
-2.464970687127570415e+01
3.652906907038111228e+01
-4.083468234450494094e+01
-1.542213392573954422e+01
7.191139819626906160e+01
-1.339912854321570279e+01
5.931285987481363975e+01
-3.823930600535764768e+01
3.886228482196009537e+01
-9.348325051643989525e+01
5.247112974193919399e+01
1.699177390569425228e+01
-3.136599789881306322e+01
-1.519911329993974292e+01
-1.220079535448022767e+01
-1.651611549617449270e+00
-2.966517778932214355e+00
1.397849135474661431e+01
5.211808825031114623e+01
-6.548789542707757505e+01
1.824818540336296735e+01
-4.015694072465528563e+01
-6.970415363995837765e+01
-7.728153623568302066e+01
-5.711437651211727484e+01
-1.807485686196135433e+01
4.661192330768173520e-01
1.112655948960843375e+02
-1.587049309196471825e+01
6.865668018370129744e+01
-1.156964326215310201e+01
-7.955435765775392554e+01
-2.643964398308881414e+00
-6.998542370365150589e+01
-1.162223623714783827e+01
-6.864250263670496111e+01
-3.575092480622299007e+01
1.338886018072793149e+02
8.880091441594977653e+00
2.055342716509178658e+01
5.562652768514480783e+01
2.968897163244824711e+01
9.323747978579465467e+00
-1.529514161702429931e+00
3.854506452016137175e+00
-3.667311882096726805e+01
7.573113608124619134e+01
-2.075792241380624858e+01
1.600641259545430017e+01
4.069979931089980596e+01
3.995554212311522235e+01
-7.460521544481068190e+01
3.696333735118587072e+01
4.662147570758163084e+01
2.802003866926746412e+01
4.572882279942156458e+01
6.793703037036442538e+01
1.009846067129384437e+02
4.903896701577399142e+01
1.070286144771099401e+01
1.263603390459311271e+01
-4.978011377774556934e+01
2.768284114160308462e+01
3.379047763037146268e-02
-1.024309115035614042e+02
6.139996386999450806e+01
-2.832855255353406676e+01
-2.977128094456957541e+01
1.396762654463531561e+01
4.351715260141027386e+00
-3.240379127739646492e+01
2.190960647186395605e+01
-7.747588768867419873e+00
3.149563389084269005e+01
1.908019908970063483e+01
-9.065774854021964302e+01
-4.407766252210473823e+01
2.748202307667355626e-01
2.779050172287890419e+01
3.037447028547354222e+01
-6.516269365160162863e+01
4.151126438055126755e+01
-7.600916207679458125e+01
8.452351832416448474e+01
2.350429959650979583e+01
-7.859450226699776465e+01
-5.451504320885691257e+00
1.217057284021020109e+02
-4.971038919477826568e+01
1.714531599399814610e+01
