3.964344989766878768e+01
3.964344989766878768e+01
3.964344989766878768e+01
3.964344989766878768e+01
4.986958676562416315e+01
4.986958676562416315e+01
4.986958676562416315e+01
4.986958676562416315e+01
4.986958676562416315e+01
4.986958676562416315e+01
4.986958676562416315e+01
4.986958676562416315e+01
7.609449140859527461e+01
8.423859650487371198e+01
8.423859650487371198e+01
8.423859650487371198e+01
8.423859650487371198e+01
8.423859650487371198e+01
8.423859650487371198e+01
8.423859650487371198e+01
8.423859650487371198e+01
8.423859650487371198e+01
4.535313788293098725e+01
4.535313788293098725e+01
4.535313788293098725e+01
4.535313788293098725e+01
4.535313788293098725e+01
4.568846380591565293e+01
4.568846380591565293e+01
4.568846380591565293e+01
4.588929958769816864e+01
4.779541365151667520e+01
7.585689373383129919e+01
7.601698460027614601e+01
7.601698460027614601e+01
7.686720035204014323e+01
7.686720035204014323e+01
7.878083086796866041e+01
7.878083086796866041e+01
7.878083086796866041e+01
7.878083086796866041e+01
7.878083086796866041e+01
4.669715320822699312e+01
4.669715320822699312e+01
4.669715320822699312e+01
4.756192767977848490e+01
4.761929738971801385e+01
4.761929738971801385e+01
4.761929738971801385e+01
4.761929738971801385e+01
4.761929738971801385e+01
4.761929738971801385e+01
7.804819147988874306e+01
7.804819147988874306e+01
7.804819147988874306e+01
7.822220832865139073e+01
7.825710099600885883e+01
7.858488159941109075e+01
7.858488159941109075e+01
7.858488159941109075e+01
7.858488159941109075e+01
7.942890859337707354e+01
4.672216477648037625e+01
4.776559322393745077e+01
4.776559322393745077e+01
4.776559322393745077e+01
4.776559322393745077e+01
5.465514972302098329e+01
5.465514972302098329e+01
5.465514972302098329e+01
5.465514972302098329e+01
5.465514972302098329e+01
5.750758685554105654e+01
5.750758685554105654e+01
5.750758685554105654e+01
5.750758685554105654e+01
5.750758685554105654e+01
5.750758685554105654e+01
5.750758685554105654e+01
5.750758685554105654e+01
5.750758685554105654e+01
5.750758685554105654e+01
