-2.078879935413960567e+01
-5.850878786229952055e+01
3.442979309654890585e+01
-1.703666090974172107e+02
2.287717565413521470e+02
-1.046833087660334627e+02
1.617162301609795918e+02
-7.777768955957216690e+01
-7.466292586422059685e+01
-8.897468228989008310e+01
-8.521856849244063881e+01
1.382382150756220653e+02
4.466488087527896056e+01
-1.981274322235548198e+02
-2.070859176434299798e+02
-1.282881866880142070e+02
3.592053171943910428e+01
-5.986134220409587670e+01
-2.672114736826996761e+01
-7.200659684206453903e+01
1.777875262081741425e+02
2.014527290940998938e+01
7.152596991738990440e+00
-8.869500274259675621e+01
-1.257294373803441943e+02
1.184793190617255334e+02
2.908427340388548998e+00
2.604772941518853457e+01
9.432041878219489917e+00
8.149887643966870598e+01
1.365175841924144073e+01
2.140766418442963470e+02
-9.899832462022858692e+01
-5.123901560787087561e+01
-1.538263363792597147e+02
-7.556993601972625640e+01
7.762653105426002398e+00
-9.126528243084450764e+01
-3.636466003228640176e+01
-1.021151946263751000e+02
-4.898552252633056980e+01
-8.054911995663330515e+01
-2.897961603022476496e+01
-5.211528303091073155e+01
1.795449438038109236e+02
-2.461951449214563326e+01
-7.533389742670377132e+01
2.327335469812826574e+00
-1.426140101716106585e+02
1.990695601387983515e+02
-4.138318630143263022e+01
1.207180984995567314e+02
2.219824743988854152e+02
-4.435985887842402775e+01
-8.144656420245786421e+01
6.381514853787820840e+01
-1.699734233639127012e+02
2.271272817435516345e+01
-6.664320444369442953e+01
-1.189124683932509754e+02
-6.841550968802646082e+01
-1.478953987033845863e+02
-3.851033344471451869e+01
-3.214659647105982287e+01
7.812981906542786703e+01
-1.121340399002004915e+02
-3.768698945496788610e+01
-1.367492458484473730e+02
-6.634843680345802852e+00
8.364493942766225132e+01
1.374956780965840153e+02
-7.924927568268363132e+01
1.398269654953588770e+01
8.534052378689511897e+01
1.072040769636525255e+02
1.142048682195488425e+02
3.076058782708292583e+01
-8.711028611742601413e+01
-1.251443256784243090e+02
1.596807675530278381e+01
7.011914543442188119e+01
-1.518638006986776077e+02
4.747842580231851883e+01
-7.274764369910667483e+01
-1.208765162069307451e+02
2.461358260346622728e+01
7.492187303750220906e+01
-8.313640045549216495e+01
-1.743278656586647912e+02
1.495872299156347651e+02
-1.101332000536730220e+02
7.192448737253991453e+01
-9.452939619113979575e+01
6.050401893477015847e+01
1.756554337159129773e+02
4.478338054743430163e+00
-3.878114467611565885e+01
8.027360357343742692e+01
-1.829114463435028881e+02
-3.739936330857816671e+01
2.115214025345606501e+02
4.697348832089722492e+01
-5.697205696131086228e+01
4.861753159853174111e+01
1.464268719170141253e+02
-1.429051600216088502e+02
-8.952780860261249529e+01
6.978102895128354533e+01
-1.504409263442531142e+01
3.041742041728982571e+01
-4.306983612683771057e+00
-6.215493868070468864e+01
9.929557725591067197e-01
8.257574654040421080e+01
1.576749018475165940e+02
1.240073623265033405e+02
-1.273439076962236811e+02
-8.576276587194803369e+01
4.851712139831088066e+00
-1.284344659860298634e+02
6.431493973333752479e+01
-3.360129742518694229e+01
9.436992203052759010e+01
-4.232814487100291956e+01
-1.868054141552432768e+01
-7.332900674729026491e+01
-2.093811836779735813e+01
1.297940674513054660e+02
-9.439690227475942663e+01
-3.448890928289481295e+00
-1.256026351084413193e+02
8.103695471707796116e+01
1.011347242223239675e+02
1.733343594289823386e+02
7.652983790224095628e+01
-1.077941793100122254e+02
-8.417716450914387849e+01
1.312050384156331972e+02
1.255344566732584894e+02
-1.130893480610955919e+02
-4.446163553251660261e+01
-5.531774278388435562e+01
-1.718518248529000481e+00
6.617322626740586600e+01
4.470448872586501921e+00
7.640567740640676675e+00
1.965879866893063763e+02
1.690904732817098193e+02
-8.107207441374750090e+01
1.118022749642250346e+02
3.840667342072158164e+01
-1.314633177026404098e+01
7.697739266647781164e+01
-8.224636229793459563e+01
1.930287039391043180e+00
-5.520352253909129558e+01
-3.003604199809537789e+01
-6.480870173789095645e+01
-6.210590613610192179e+01
-4.593434944749425597e+01
-1.297992252077216904e+02
8.306181032699186062e+01
-1.248935998352614405e+02
-9.898626379735354419e+01
3.362165281177398413e+01
2.089202161025761484e+01
-1.656937855666854489e+02
6.963811171315055049e+01
-7.089571443965942876e+01
-4.025029939681037661e+01
-6.649701653512622102e+01
-7.639673008609659632e+01
-8.687513437566811092e+01
8.601639351145818679e+00
7.993632901796740953e+01
-9.910457077231427547e+00
-1.002443722016301564e+01
1.023355494451848529e+02
-1.315467478892944797e+01
2.196471694495259896e+01
-3.301343091938282726e+01
-7.303078714530469995e+01
-5.132835238836361214e+01
-1.629771626398730007e+02
2.966437592166769477e+01
3.482732181639819657e+01
2.903723394190175782e+02
3.473382993595776469e+01
-6.742829433155634433e+01
8.971630161008422988e+01
-2.547846108496944595e+01
1.665981163015654687e+00
7.723145103437965986e+01
6.961852409718989065e+01
1.581430349886388171e+02
3.068366238162148107e+01
-1.946683396005963829e+01
4.822164580964035707e+01
-6.485244653623823297e+01
-5.666169881681747711e+01
6.957934868927171124e+01
-6.198081854242959565e+01
-3.087157962444321768e+01
-2.758545182065510559e+01
1.644935678590393877e+02
8.473593594392718842e+01
3.371366813776600679e+01
1.714215847189463489e+02
4.673981827602924710e+01
-1.372017723705045000e+02
-5.378115025615407774e+01
7.783733151558183749e+01
-1.459768415745107859e+02
6.534212837238528948e+01
1.691287137958464655e+02
8.480734280438437622e+01
-7.967231299939244948e+00
-8.564344007704116279e+01
-2.609844731694494158e+01
-1.763995377290640931e+02
4.521953171638799063e+00
1.794372852886011316e+01
5.040339102354687384e+01
-3.218591836262180550e+01
-7.012871163725725410e+01
2.386784829649738526e+01
1.080682103021926395e+02
1.201986719353442084e+02
1.497019019288707113e+02
3.627720494818661479e+01
-1.878539248984183274e+01
2.515625982572157326e+01
-8.066277897394154905e+00
3.631213552718948989e+01
-1.324440840677129927e+01
1.273385192662292269e+02
-1.441143066195861877e+01
-9.756108199838621431e+01
8.679975504553546273e+00
8.547278242070350984e+01
-3.270008953654116226e+02
-2.817517682815208957e+01
-6.285549527370369560e+01
1.212300287399301624e+00
1.030866143081051121e+02
2.227652660927562778e+01
-2.782906014403230444e+01
2.041424156403584078e+01
1.371199343195711435e+02
8.923675787993079211e+01
-1.832949855420735048e+02
1.354829677176239784e+02
-6.194994925692309096e+01
8.045050870904029239e+01
-2.088594605951471976e+02
-2.045130706191641679e+01
1.431343984605560991e+02
-1.330636562873941102e+02
1.872032939292457741e+02
1.034411149823998812e+02
-9.671484849702429187e+01
5.858038572323461324e+01
-1.297804038738341887e+02
2.280491290580058319e+02
-5.701995974132839251e+01
