6.626020708782075985e+01
6.626020708782075985e+01
8.577289246928255295e+01
8.577289246928255295e+01
8.967794861721985455e+01
8.967794861721985455e+01
8.967794861721985455e+01
8.967794861721985455e+01
8.967794861721985455e+01
8.967794861721985455e+01
8.967794861721985455e+01
8.967794861721985455e+01
8.967794861721985455e+01
8.967794861721985455e+01
9.408936470590374768e+01
9.408936470590374768e+01
9.418001907417188079e+01
9.418001907417188079e+01
9.418001907417188079e+01
9.418001907417188079e+01
9.418001907417188079e+01
9.418001907417188079e+01
9.418001907417188079e+01
9.418001907417188079e+01
9.418001907417188079e+01
9.418001907417188079e+01
9.418001907417188079e+01
9.418001907417188079e+01
9.418001907417188079e+01
9.418001907417188079e+01
9.418001907417188079e+01
9.418001907417188079e+01
9.418001907417188079e+01
9.418001907417188079e+01
9.418001907417188079e+01
9.418001907417188079e+01
9.418001907417188079e+01
9.418001907417188079e+01
9.418001907417188079e+01
9.418001907417188079e+01
9.418001907417188079e+01
9.418001907417188079e+01
9.418001907417188079e+01
9.418001907417188079e+01
9.418001907417188079e+01
9.418001907417188079e+01
9.418001907417188079e+01
9.418001907417188079e+01
9.418001907417188079e+01
9.418001907417188079e+01
9.418001907417188079e+01
9.418001907417188079e+01
