5.386619866003498203e+01
5.386619866003498203e+01
5.386619866003498203e+01
5.386619866003498203e+01
5.386619866003498203e+01
5.386619866003498203e+01
5.386619866003498203e+01
5.386619866003498203e+01
5.386619866003498203e+01
5.386619866003498203e+01
5.386619866003498203e+01
5.386619866003498203e+01
5.386619866003498203e+01
5.386619866003498203e+01
5.469624559543615305e+01
5.577011589960963533e+01
5.577011589960963533e+01
5.679097718670925588e+01
5.679097718670925588e+01
5.679097718670925588e+01
5.679097718670925588e+01
5.679097718670925588e+01
5.679097718670925588e+01
5.679097718670925588e+01
5.679097718670925588e+01
5.679097718670925588e+01
5.679097718670925588e+01
5.679097718670925588e+01
5.679097718670925588e+01
5.679097718670925588e+01
5.679097718670925588e+01
5.679097718670925588e+01
5.679097718670925588e+01
5.679097718670925588e+01
5.679097718670925588e+01
5.679097718670925588e+01
5.679097718670925588e+01
5.679097718670925588e+01
5.679097718670925588e+01
5.679097718670925588e+01
5.679097718670925588e+01
5.763738537752308133e+01
5.763738537752308133e+01
5.763738537752308133e+01
5.763738537752308133e+01
5.763738537752308133e+01
5.763738537752308133e+01
5.763738537752308133e+01
5.763738537752308133e+01
5.763738537752308133e+01
5.763738537752308133e+01
5.763738537752308133e+01
5.763738537752308133e+01
5.763738537752308133e+01
5.763738537752308133e+01
5.763738537752308133e+01
5.763738537752308133e+01
5.763738537752308133e+01
5.763738537752308133e+01
5.763738537752308133e+01
5.763738537752308133e+01
5.763738537752308133e+01
5.763738537752308133e+01
5.763738537752308133e+01
5.763738537752308133e+01
5.763738537752308133e+01
5.763738537752308133e+01
5.763738537752308133e+01
5.763738537752308133e+01
5.763738537752308133e+01
5.763738537752308133e+01
5.763738537752308133e+01
5.763738537752308133e+01
5.763738537752308133e+01
5.763738537752308133e+01
5.763738537752308133e+01
5.763738537752308133e+01
5.763738537752308133e+01
5.763738537752308133e+01
5.763738537752308133e+01
5.763738537752308133e+01
5.763738537752308133e+01
