2.260766709492490634e+01
2.260766709492490634e+01
2.751629796596374433e+01
3.246158950692411338e+01
3.748156593538590897e+01
3.748156593538590897e+01
3.748156593538590897e+01
3.748156593538590897e+01
3.748156593538590897e+01
4.238611982504161801e+01
5.309774007184645939e+01
5.309774007184645939e+01
5.309774007184645939e+01
5.309774007184645939e+01
5.309774007184645939e+01
5.311973146561938108e+01
5.311973146561938108e+01
5.311973146561938108e+01
5.311973146561938108e+01
5.311973146561938108e+01
5.311973146561938108e+01
5.311973146561938108e+01
5.311973146561938108e+01
5.311973146561938108e+01
5.311973146561938108e+01
5.311973146561938108e+01
5.311973146561938108e+01
5.311973146561938108e+01
5.311973146561938108e+01
5.311973146561938108e+01
5.311973146561938108e+01
5.311973146561938108e+01
5.311973146561938108e+01
5.311973146561938108e+01
5.311973146561938108e+01
5.311973146561938108e+01
5.311973146561938108e+01
5.311973146561938108e+01
5.311973146561938108e+01
5.311973146561938108e+01
5.311973146561938108e+01
5.311973146561938108e+01
5.311973146561938108e+01
5.311973146561938108e+01
5.311973146561938108e+01
5.311973146561938108e+01
5.311973146561938108e+01
5.311973146561938108e+01
5.311973146561938108e+01
5.311973146561938108e+01
5.311973146561938108e+01
5.311973146561938108e+01
5.311973146561938108e+01
5.311973146561938108e+01
5.311973146561938108e+01
5.311973146561938108e+01
5.311973146561938108e+01
5.311973146561938108e+01
5.311973146561938108e+01
5.311973146561938108e+01
5.311973146561938108e+01
5.311973146561938108e+01
