4.428205847380998961e+01
4.615960391064736257e+01
5.547021694183847274e+01
5.547021694183847274e+01
5.547021694183847274e+01
5.547021694183847274e+01
5.547021694183847274e+01
5.600002680754546702e+01
5.600002680754546702e+01
5.547021694183847274e+01
5.547021694183847274e+01
5.899775863651046848e+01
5.899775863651046848e+01
5.899775863651046848e+01
5.899775863651046848e+01
5.899775863651046848e+01
5.899775863651046848e+01
5.899775863651046848e+01
5.899775863651046848e+01
5.899775863651046848e+01
5.899775863651046848e+01
5.899775863651046848e+01
5.899775863651046848e+01
5.899775863651046848e+01
5.724696795229196766e+01
5.724696795229196766e+01
5.724696795229196766e+01
5.724696795229196766e+01
5.724696795229196766e+01
5.724696795229196766e+01
5.724696795229196766e+01
5.724696795229196766e+01
5.724696795229196766e+01
5.724696795229196766e+01
5.724696795229196766e+01
5.724696795229196766e+01
5.724696795229196766e+01
5.724696795229196766e+01
5.724696795229196766e+01
5.670501372227769821e+01
5.670501372227769821e+01
5.670501372227769821e+01
5.670501372227769821e+01
5.670501372227769821e+01
5.670501372227769821e+01
5.670501372227769821e+01
5.670501372227769821e+01
5.670501372227769821e+01
5.670501372227769821e+01
5.670501372227769821e+01
5.670501372227769821e+01
5.670501372227769821e+01
5.670501372227769821e+01
5.670501372227769821e+01
5.670501372227769821e+01
5.670501372227769821e+01
5.670501372227769821e+01
5.670501372227769821e+01
5.670501372227769821e+01
5.670501372227769821e+01
5.670501372227769821e+01
5.670501372227769821e+01
5.670501372227769821e+01
5.670501372227769821e+01
5.670501372227769821e+01
5.670501372227769821e+01
5.670501372227769821e+01
5.670501372227769821e+01
5.670501372227769821e+01
5.670501372227769821e+01
5.670501372227769821e+01
5.670501372227769821e+01
5.670501372227769821e+01
5.670501372227769821e+01
5.670501372227769821e+01
5.670501372227769821e+01
5.670501372227769821e+01
5.670501372227769821e+01
5.670501372227769821e+01
5.670501372227769821e+01
5.670501372227769821e+01
5.670501372227769821e+01
