2.260766709492490634e+01
2.260766709492490634e+01
2.260766709492490634e+01
3.257109571996164732e+01
3.257109571996164732e+01
4.236815527006632465e+01
4.238310323150219006e+01
4.238310323150219006e+01
4.238310323150219006e+01
4.244523501260920284e+01
5.315824973238589735e+01
5.315824973238589735e+01
5.315824973238589735e+01
5.315824973238589735e+01
5.315824973238589735e+01
5.315824973238589735e+01
5.315824973238589735e+01
5.318029177160268262e+01
5.318029177160268262e+01
5.318029177160268262e+01
5.318029177160268262e+01
5.318029177160268262e+01
5.318029177160268262e+01
5.318029177160268262e+01
5.318029177160268262e+01
5.318029177160268262e+01
5.318029177160268262e+01
5.318029177160268262e+01
5.318029177160268262e+01
5.318029177160268262e+01
5.318029177160268262e+01
5.318029177160268262e+01
5.318029177160268262e+01
5.318029177160268262e+01
5.318029177160268262e+01
5.318029177160268262e+01
5.318029177160268262e+01
5.318029177160268262e+01
5.318029177160268262e+01
5.318029177160268262e+01
5.318029177160268262e+01
5.318029177160268262e+01
5.318029177160268262e+01
5.318029177160268262e+01
5.318029177160268262e+01
5.318029177160268262e+01
5.318029177160268262e+01
5.318029177160268262e+01
5.318029177160268262e+01
5.318029177160268262e+01
5.318029177160268262e+01
5.318029177160268262e+01
5.318029177160268262e+01
5.318029177160268262e+01
5.318029177160268262e+01
5.318029177160268262e+01
5.318029177160268262e+01
5.318029177160268262e+01
5.318029177160268262e+01
5.318029177160268262e+01
5.318029177160268262e+01
5.318029177160268262e+01
