7.830104186808224398e+00
7.830104186808224398e+00
2.751629796596374433e+01
2.751629796596374433e+01
3.240976443905952920e+01
3.240976443905952920e+01
3.242503191119031669e+01
3.726626083240531528e+01
3.739806421354057875e+01
3.755960864239277441e+01
3.755960864239277441e+01
3.755960864239277441e+01
4.243566556159305492e+01
5.292044738630826828e+01
5.307987308892052170e+01
5.307987308892052170e+01
5.307987308892052170e+01
5.307987308892052170e+01
5.307987308892052170e+01
5.307987308892052170e+01
5.307987308892052170e+01
5.307987308892052170e+01
5.311069977684381627e+01
5.311069977684381627e+01
5.311069977684381627e+01
5.311069977684381627e+01
5.311069977684381627e+01
5.311069977684381627e+01
5.311658010248103068e+01
5.311658010248103068e+01
5.311658010248103068e+01
5.311658010248103068e+01
5.311658010248103068e+01
5.311658010248103068e+01
5.311658010248103068e+01
5.311658010248103068e+01
5.311658010248103068e+01
5.311658010248103068e+01
5.311658010248103068e+01
5.311658010248103068e+01
5.311658010248103068e+01
5.311658010248103068e+01
5.311658010248103068e+01
5.311658010248103068e+01
5.311658010248103068e+01
5.313513357073517085e+01
5.313513357073517085e+01
5.313513357073517085e+01
5.313513357073517085e+01
5.313513357073517085e+01
5.313513357073517085e+01
5.313513357073517085e+01
5.313513357073517085e+01
5.313513357073517085e+01
5.313513357073517085e+01
5.313513357073517085e+01
5.313513357073517085e+01
5.313513357073517085e+01
5.313513357073517085e+01
5.313513357073517085e+01
5.313513357073517085e+01
5.313513357073517085e+01
