4.098586617790890330e+01
4.098586617790890330e+01
4.098586617790890330e+01
4.317410942721268441e+01
4.317410942721268441e+01
4.621545386643490616e+01
4.621545386643490616e+01
4.621545386643490616e+01
4.827724843785129849e+01
4.970388407847757151e+01
4.970388407847757151e+01
4.970388407847757151e+01
6.354377424647427119e+01
6.354377424647427119e+01
7.606744489322585423e+01
7.606744489322585423e+01
7.606744489322585423e+01
7.606744489322585423e+01
7.606744489322585423e+01
7.606744489322585423e+01
7.606744489322585423e+01
7.647256541782573436e+01
4.515789100714654580e+01
4.730713757503961148e+01
4.730713757503961148e+01
5.312473137745667628e+01
5.312473137745667628e+01
5.312473137745667628e+01
5.312473137745667628e+01
5.479685894423079162e+01
5.479685894423079162e+01
5.479685894423079162e+01
7.642614327141710362e+01
7.742781466845551108e+01
7.753801947790697113e+01
7.756131968757013340e+01
7.846383348712036820e+01
7.999398378266386089e+01
7.999398378266386089e+01
7.999398378266386089e+01
7.999398378266386089e+01
7.999398378266386089e+01
6.081416343005375325e+01
6.081416343005375325e+01
6.081416343005375325e+01
6.082505224495707097e+01
6.082505224495707097e+01
6.099451390712097520e+01
6.099451390712097520e+01
6.099451390712097520e+01
6.099451390712097520e+01
6.099451390712097520e+01
5.426707681821815044e+01
5.426707681821815044e+01
5.426707681821815044e+01
5.426707681821815044e+01
5.469307928584920120e+01
5.469307928584920120e+01
5.469307928584920120e+01
5.500816973279150091e+01
5.500816973279150091e+01
5.500816973279150091e+01
