4.464094518071806306e+01
4.464094518071806306e+01
5.293370661829521850e+01
5.519551738456249979e+01
5.519551738456249979e+01
5.519551738456249979e+01
5.519551738456249979e+01
5.519551738456249979e+01
5.519551738456249979e+01
5.519551738456249979e+01
5.519551738456249979e+01
5.519551738456249979e+01
6.035817155647553278e+01
6.078996289569725064e+01
8.053055019215523203e+01
8.053055019215523203e+01
8.053055019215523203e+01
8.056447346417095901e+01
8.095629265155019993e+01
8.095629265155019993e+01
8.095629265155019993e+01
8.095629265155019993e+01
4.818831071048987980e+01
4.818831071048987980e+01
4.864443348611223428e+01
4.864443348611223428e+01
4.946354164257849106e+01
4.946354164257849106e+01
5.091384690860647311e+01
5.091384690860647311e+01
5.091384690860647311e+01
5.091384690860647311e+01
7.653366228156096440e+01
7.786617199388703625e+01
7.941559266390684968e+01
7.941559266390684968e+01
7.941559266390684968e+01
7.941559266390684968e+01
7.941559266390684968e+01
7.941559266390684968e+01
7.941559266390684968e+01
7.941559266390684968e+01
5.874685481918538699e+01
5.874685481918538699e+01
5.874685481918538699e+01
5.874685481918538699e+01
5.874685481918538699e+01
5.874685481918538699e+01
5.874685481918538699e+01
5.874685481918538699e+01
5.874685481918538699e+01
5.874685481918538699e+01
4.818831071048987980e+01
4.818831071048987980e+01
4.818831071048987980e+01
4.818831071048987980e+01
4.818831071048987980e+01
4.818831071048987980e+01
5.409523973111600981e+01
5.409523973111600981e+01
5.409523973111600981e+01
5.409523973111600981e+01
