-1.176115128705927901e+02
1.550016286922257436e+01
-2.415109665865333000e+01
8.280472035618564064e+01
1.109937637305785358e+02
-6.944370988200862627e+00
3.611556363532510261e+01
-1.923439880217265952e+01
1.005688265742006493e+01
-2.517932108276665559e+01
5.650368085336064894e+01
-7.550936312308905940e+01
-2.410990761737658516e+01
-5.202184277813015001e+01
1.174640439541967112e+02
1.080109677551626675e+02
-1.884054737143387683e+02
-9.871134059608425559e+01
-1.548253562888506849e+02
-6.506995578627440580e+01
7.709189188963861739e+00
8.093404396222069863e+01
4.204192935944080034e+01
2.659832847097074904e+00
-9.552313779528110160e+01
1.615280119872354021e+02
1.224408898102472136e+02
-2.659399871156925599e+01
1.361337819985333795e+02
-3.011612853833266712e+01
-8.546498513184712920e+01
1.040226116516998545e+01
1.786316708625662955e+02
4.107896152657237288e+00
-8.759940206556812825e+01
2.679052457015951294e+00
-9.787053092594734949e+01
-4.084898136413201541e+01
1.284219721733413699e+01
3.510287381135496787e+01
-7.295429990455120617e+01
-3.377780204031824951e+01
-1.223410781236586899e+02
4.447064058717283075e+01
-5.528857526937605371e+01
5.041984772491406375e+01
1.277780973888528138e+01
1.399526920009217434e+01
-1.110147518887634135e+02
-2.591521266191306694e+01
1.406790950672919109e+02
-1.071445575789155669e+02
5.879156183200235830e+01
-4.845464029551587259e+01
-3.499881670195268413e+01
-1.203097741043348776e+02
1.361004403877289803e+02
4.463715716115392240e+01
3.240506805215825636e+01
4.510688353231527969e+01
1.288402684729388170e+02
1.433151170538462615e+01
-1.396333403216767977e+01
-1.015381711390098474e+01
3.372377921120506272e+01
1.133055652729152918e+01
6.627047888681441634e+01
-7.276839461163918088e+01
-7.984717006267730710e+01
4.977246585166307824e+01
1.193749350363564758e+02
4.287650480734968994e+01
2.322582111415466244e+01
-1.954780839646710078e+01
3.787479488587304388e+01
-9.848844189964978568e+00
-1.182635690681400149e+02
1.064834432442442846e+02
3.325153863790396258e+01
1.171246224487194709e+01
-1.104370670818051110e+02
1.560436421875293433e+01
1.045430466426401495e+02
-2.983269323180042676e+00
-8.721394393224845487e+01
-7.816143425144809953e+01
2.341160763618286111e+01
-6.937810927336855116e+01
-5.788824190846741402e+01
-4.651759688359593525e+00
-3.006889049683068649e+01
-9.023384696024436380e+01
1.129926183628911929e+01
-3.159494693228876372e+01
-5.670858071767652575e+01
-8.261375711562210711e+01
-9.135462064231518298e+01
-7.559952897643110248e+01
2.347510881103704037e+02
1.551984176903684443e+01
-1.634024617062206062e+02
3.228790218118455613e+01
-2.236629882344519871e+00
2.233676660555466498e+01
6.603736706804301804e+00
-6.995109918560083884e+01
8.898360864161419670e+01
-2.176756231538152520e+01
8.675145883757450349e+01
-6.808232708985224590e+00
-4.481206150967581436e+01
-3.886064151202609196e+01
2.077958780013914293e+02
1.259273435365152949e+01
-2.218364168766692046e+01
1.626551974988595717e+01
-6.305447819694448697e+01
6.267656672678094765e+01
9.269453558294600271e+01
3.164322545503274853e+00
6.665666344401927290e+01
-3.748771543001446815e+01
-8.463211588973416610e+01
-5.226588089188361153e+01
-3.605538472430742303e+01
-1.429923323168146254e+01
1.518808182232067452e+02
1.030135661767494781e+02
-3.635249903307544628e+01
-7.054852262282480524e-01
5.548756515199445971e+01
5.728684789064650573e+01
-1.333734893151122378e+02
-1.186753612516103971e+02
-8.401819214967966332e+01
-7.187446026391637588e+01
-3.055685990205834912e+01
1.628079549900204199e+02
-6.718326866819302268e+01
5.777723479499344705e+01
1.505805420820125917e+01
2.593330900091207525e+01
8.421901992325346953e+01
-1.437765730891951534e+02
8.465231787191559931e+01
-1.273526171357300711e+02
-2.145211421775421456e+00
1.130591687194375226e+02
2.890367391951453868e+01
-6.254892638459409682e+01
-3.445997877010239563e+01
1.457723609662598676e+02
3.335207111820344039e+01
-4.940427773986289850e+01
-9.337557250988312774e+01
1.091536195352518348e+02
4.931031079276622364e+01
-3.748689455787153690e+01
-2.862187972647566880e+01
5.545753825864262154e+01
-3.903629542440934586e+01
-1.294498299875663179e+02
-4.583603293275138668e+01
8.653953208956959031e+01
-5.298290203496868855e+00
4.096447892796594203e+01
-4.545608418441714704e+00
-1.394349201899017743e+01
8.398909894467352899e+01
5.206164961181242745e+01
2.682869876562822355e+02
-7.400561571329539845e+01
8.764289093163979771e+01
-1.837809453663870443e+02
1.188652089430428305e+01
1.557245291143537997e+02
-7.277973064336968889e+01
-1.521990206658623777e+02
-6.549600088789753727e+01
8.589349979336789431e+01
-4.254752235730367715e+01
8.358196350424162802e+01
-4.367362938214004231e+01
1.008959018699499666e+02
-2.049975211721314849e+01
-5.707588841122611001e+01
6.387486259588018100e+01
-1.556090077730179644e+02
2.177439095985287736e+02
2.386483732030727936e+02
4.715787737100622934e+01
-4.624424792583792510e+01
-1.076155604303968971e+02
-1.837769638454162191e+02
-1.915217786251959708e+01
-4.544046881566373486e+01
5.488975640870735617e+01
-2.159314507707367881e+01
-8.111281579462418279e+01
6.786031298003214829e+01
-1.193345878318236828e+02
5.407825188381890769e+01
-1.294657295690810770e+02
-2.773763655293859642e+01
5.762431575370804637e+00
-1.568006252824816471e+01
-3.655171154234904662e+01
5.583203678797381286e+01
2.257516468154312861e+01
-3.256234998537991743e+01
6.938888304731943890e+01
-6.247943355089539352e+00
4.758665219048246087e+01
1.766993206309995799e+02
-6.386205425105803357e+01
-3.668639506094400815e+01
7.819615721055687629e+01
-5.627001871052404169e+01
-1.576068081423430733e+01
5.433972584720802956e+01
-1.608011129521599969e+02
-3.331616144098603627e+01
3.263488535494347786e+01
-6.226014478631824289e+01
8.181881013817250903e+01
1.772469886741954781e+01
-2.579381845316643052e+01
-1.621840461964795281e+02
-7.584491675405868705e+01
-4.572755686500274663e+01
-1.873937299636963871e+00
-3.576076378869176864e+01
1.879344998428696911e+01
1.508775678126288611e+01
5.608029074123190405e+00
6.774907071840954131e+01
3.625876207281469732e+01
-1.186309663267864494e+02
1.181289401750595935e+01
7.419398728777186136e+01
5.756108866356896669e+00
-4.028130188052855942e+01
-6.525128060436249200e+01
2.247225853648014038e+01
1.323134842114678378e+01
-1.911942185304159523e+02
-1.060914823256971857e+02
-1.157624760191895632e+02
1.228383708601937201e+02
1.627233622243571745e+02
-4.294500175120330887e+00
1.124688545171798069e+02
-1.087310015185774859e+02
-2.255118093106483457e+01
3.869161550394037619e+01
-1.230054780763869360e+02
1.453180299797913619e+02
-4.883826207016153376e+01
9.874925379051954621e+01
4.476758829607277335e+00
-1.126570249813080515e+01
5.779874296143675139e+01
7.876870918808612032e+01
-1.811662360734517563e+01
2.654108931384745773e+01
