4.148277423726603530e+01
1.404990285615606815e+01
-6.082457723734182053e+01
-2.547159935929166252e+01
1.369838787895256971e+01
-9.585237465202379781e+01
4.425159813741704795e+01
7.114190671096039864e+01
-5.984555951935364959e+01
-8.256521485322000586e+00
-5.539763662525238885e+01
-3.070430104369339119e+01
-5.882521032650413417e+01
-4.270079905643760299e+01
-1.300744875001941381e+01
-2.316644910022816362e+00
1.331370657939110913e+00
2.637558061385011143e+01
-1.793838525764956060e+00
-1.531140883943320041e+01
-6.361100829620134789e+01
3.011610985998639123e+01
-2.461623400457943589e+01
2.188620535119021326e+01
1.953460426001502626e+01
-6.592355686682321902e+01
-4.637679017898140899e+01
4.749585192243160492e+01
7.024766272499544328e+00
-8.247174213262942999e+01
-1.719871283055827149e+01
-5.636789620976041704e+01
-4.657287895122688326e+01
-1.474907497880785741e+02
-4.833914771015596301e+00
7.595654634768894908e+00
1.055784513342612740e+01
4.566137665500823317e+01
1.167574103492594162e+01
8.094935705812378757e+00
-1.082295618919505671e+02
-6.108559364453692808e+01
3.122138585059033034e+01
-5.936748373947141388e+00
-6.080033948481676020e+01
5.971421017419988431e+01
-3.518259264020915111e+01
3.623667935214992042e+01
8.622307462519916044e+01
-2.028787112718057273e+01
6.254184280166808207e+01
3.950495915645610978e+00
6.348933421078609030e+01
-9.338925129243040146e+01
8.970969636115628987e+01
1.184902603468186442e+02
2.328756912702839443e+01
-1.099175434899347010e+02
2.589738484466032276e+00
1.881270808872599076e+01
-1.183106411790860335e+02
1.413228953846696179e+01
5.621581184267825648e+01
-9.726287262094359676e+00
-6.914010276577329250e+01
3.445592730067986054e+00
4.138393543463219260e+01
3.039836276205289067e+01
-1.055523218635083893e+01
5.728156205937659706e+01
4.593549762062984598e+01
7.289265000873776934e+00
1.180697373022787566e+01
-3.668576464037953144e+01
1.782204372658306113e+01
1.889743616085101863e+01
1.131905679280659882e+02
1.849598406400269823e+01
6.606174922453855913e+01
-6.476320968597659089e+01
-4.879134641555764063e+01
7.880596441607600866e+01
2.437057497271787554e+01
1.602679342104882210e+01
-6.885260800150717841e+01
4.665932742386315368e+01
-1.202100067879327696e+02
8.222909635452703014e+01
1.010226219468158746e+02
5.293173570992163945e+01
6.583899443228918358e+01
1.528762049296518342e+02
9.118977733383097473e+01
3.712699968307076404e+01
2.072824523107249917e+01
-1.370592075264065457e+01
-3.736013145531394741e+01
3.134559597384780716e+01
2.149720164987464344e+01
1.051578442028057339e+02
3.406286614266241131e+00
-1.242425975524014632e+02
1.808465697165823940e+02
7.534258627607039216e+01
2.277491183292887555e+01
1.281424856051792105e+01
-4.320101920109686233e+01
8.335697291860647340e+01
-6.181326629147589813e+01
-4.182940331694495484e+01
3.392519877989376198e+01
5.231227708502395757e+01
-1.175981855333944992e+01
4.191275010741299667e+01
8.806170459611223578e+00
1.959178639986720327e+01
-1.796746725519728471e+01
-8.254531439708213725e+01
5.813779394768299369e+01
4.371097873850501259e+01
8.943302495636570981e+00
-2.199248168168086437e+01
-8.006240917343536267e+00
1.344001525076439307e+01
-9.571085014421193193e+01
-2.665935632918893461e+01
-1.988688524819164627e+01
-9.803564473901279541e+01
-1.095232050557082175e+02
-1.151772847141320533e+01
-1.658332288707953239e-01
1.281177773238809081e+01
-3.982765369468535965e+01
3.537979617116583597e+01
-6.475738107521858922e+01
-4.421746446864279534e+01
4.067291038298424866e+01
9.569493045817695531e+01
-1.135098369676275887e+01
1.152769987914816454e+02
4.498771492926685767e+01
-8.099511786586396056e+01
5.601504325718941146e+01
2.418204352991034156e+01
-6.824635588006560738e+01
-6.955520775734375150e+01
-1.881402866985682110e+01
4.882663077990891054e+01
7.558852938886528250e+01
1.370886920720344904e+00
-4.236360402538494441e+01
1.242971321949108798e+01
-3.069117009864879364e+01
-3.165859130131515542e+00
1.621588456477816464e+01
2.820159777287408076e+00
-8.169663028481863876e-01
-1.859543417403680010e+01
-4.264436875170885344e+01
7.856337100716570099e+00
1.852300852050407087e+01
-1.457144836223870925e+02
1.456570335638759559e+02
1.368539847725143055e+01
7.537889824171340081e+01
9.263994110291547202e+01
-6.612667976510081758e+01
1.257581231802179360e+02
4.205372542958873794e+01
6.470094021202817203e+01
9.228671443972717725e+01
4.857691217721438193e-01
-8.424326485807091558e+01
-5.621432248645774621e+01
1.024628936126333940e+02
-5.512312951930816496e+00
-1.475657959436175872e+02
4.891344168197059972e+00
7.878605039992038428e+01
7.987567002080791667e+01
3.980772793715181024e+01
-6.367532951396810859e+01
9.173338536214231453e+00
1.349637582297987137e+01
7.302671797884266880e+01
2.785353148934141387e+01
-1.143174288156743330e+02
3.322014927264638828e+01
1.259302942283383686e+00
-5.651358063897183115e+01
8.928200915686706196e+01
6.920220511843393751e+01
1.091438812025048577e+02
5.487019820649855006e+01
-8.755206022101567953e+01
8.615143756198361302e+01
5.445124174302174680e+01
5.315476407173298412e+01
-1.893932772552420118e+01
2.351744737644871464e+01
-4.220397428018118546e+01
-3.265124055785791768e+01
5.831154125216659168e+01
-6.782281547380598852e+01
6.203120517461093186e+01
-2.738592541080424780e+01
4.922777498991550260e+01
-5.459217760544206044e+00
-9.808593906913469596e+01
6.691928555134273893e+01
1.889313314524833132e+01
8.426157742931421168e+00
9.370589764543910860e+01
3.611172251189701399e+01
-5.855966436237994799e+01
4.500389326298395076e+01
1.110008503805503892e+02
-1.650473605694554635e+01
3.960169494972433313e+01
-5.856908615219774106e+01
4.189331512984232120e+01
1.455673272741428264e+02
-4.993394371716137314e+00
5.446210480012894095e+01
8.793775869515138766e+01
-8.069714347168627455e+00
-1.989099029292226533e+02
5.581480346073466592e+01
6.826799199924235495e+01
6.328559776971920314e+01
-4.543988205085358345e+01
-4.948481310566911873e+01
4.608519378725274862e+01
1.362370684265307830e+02
8.540722125169961032e+01
9.526376220092537039e+00
-4.723963833992364414e+01
-5.626704168428803143e+01
1.988307435697945991e+01
-9.042133600425866291e+01
-7.606190795290845585e+01
-8.971870115084559671e+00
3.455003190195867546e+01
-6.036492342172306280e+01
-8.608127853973209653e+01
-1.127060927829933519e+02
3.040324493446588150e+01
1.511581777091046774e+01
-7.620157685061998620e+01
3.090730419354957093e+01
-8.167684955267159808e+01
1.751193523524523954e+00
9.066036516123386946e+01
-2.270079664669064812e+01
3.255049393994121942e+01
-3.358926340570749147e+01
-7.936675582708866727e+01
4.169874635622961279e+01
2.040568944577260027e+02
2.907169192105825317e+01
-7.544268376142460397e+01
-1.909536641531117951e+01
1.469707035218548086e+01
3.670467489959133189e+01
-3.045673940522128120e+01
