4.491829474991050830e+01
4.920095257622097762e+01
4.998311702991104966e+01
5.277171202646481163e+01
5.277171202646481163e+01
5.277171202646481163e+01
5.277171202646481163e+01
5.277171202646481163e+01
5.277171202646481163e+01
5.277171202646481163e+01
5.607481237715414579e+01
5.607481237715414579e+01
5.607481237715414579e+01
5.607481237715414579e+01
5.607481237715414579e+01
5.607481237715414579e+01
5.607481237715414579e+01
5.607481237715414579e+01
5.614149706408539942e+01
5.614149706408539942e+01
5.614149706408539942e+01
5.674272150873615317e+01
5.674272150873615317e+01
5.674272150873615317e+01
5.682635804855750905e+01
5.682635804855750905e+01
5.682635804855750905e+01
5.682635804855750905e+01
5.682635804855750905e+01
5.682635804855750905e+01
5.682635804855750905e+01
5.682635804855750905e+01
5.682635804855750905e+01
5.682635804855750905e+01
5.682635804855750905e+01
5.682635804855750905e+01
5.682635804855750905e+01
5.682635804855750905e+01
5.682635804855750905e+01
5.682635804855750905e+01
5.682635804855750905e+01
5.682635804855750905e+01
5.682635804855750905e+01
5.682635804855750905e+01
5.682635804855750905e+01
5.682635804855750905e+01
5.682635804855750905e+01
5.682635804855750905e+01
5.682635804855750905e+01
5.682635804855750905e+01
5.682635804855750905e+01
5.682635804855750905e+01
5.682635804855750905e+01
5.682635804855750905e+01
5.682635804855750905e+01
5.682635804855750905e+01
5.682635804855750905e+01
5.682635804855750905e+01
5.682635804855750905e+01
5.682635804855750905e+01
5.682635804855750905e+01
5.682635804855750905e+01
5.682635804855750905e+01
5.682635804855750905e+01
5.682635804855750905e+01
5.682635804855750905e+01
5.682635804855750905e+01
5.682635804855750905e+01
5.682635804855750905e+01
5.682635804855750905e+01
5.682635804855750905e+01
5.682635804855750905e+01
5.682635804855750905e+01
5.682635804855750905e+01
5.682635804855750905e+01
5.682635804855750905e+01
5.682635804855750905e+01
5.682635804855750905e+01
5.682635804855750905e+01
5.682635804855750905e+01
5.682635804855750905e+01
5.682635804855750905e+01
