2.747649171556332703e+01
2.747649171556332703e+01
3.240472664502958366e+01
3.240472664502958366e+01
3.240472664502958366e+01
3.734953717264591688e+01
4.759842494455146777e+01
4.759842494455146777e+01
4.759842494455146777e+01
4.759842494455146777e+01
4.759842494455146777e+01
4.759842494455146777e+01
4.759842494455146777e+01
4.898724594118702669e+01
4.898724594118702669e+01
4.898724594118702669e+01
4.898724594118702669e+01
4.898724594118702669e+01
4.898724594118702669e+01
4.898724594118702669e+01
4.898724594118702669e+01
4.898724594118702669e+01
4.898724594118702669e+01
4.898724594118702669e+01
4.898724594118702669e+01
4.898724594118702669e+01
4.898724594118702669e+01
4.898724594118702669e+01
4.898724594118702669e+01
4.898724594118702669e+01
4.898724594118702669e+01
4.898724594118702669e+01
4.955156592809528604e+01
4.955156592809528604e+01
4.955156592809528604e+01
4.955156592809528604e+01
4.955156592809528604e+01
4.955156592809528604e+01
4.955156592809528604e+01
4.955156592809528604e+01
4.955156592809528604e+01
4.955156592809528604e+01
4.955156592809528604e+01
4.955156592809528604e+01
4.955156592809528604e+01
4.955156592809528604e+01
4.955156592809528604e+01
4.955156592809528604e+01
4.955156592809528604e+01
4.955156592809528604e+01
4.955156592809528604e+01
4.955156592809528604e+01
4.955156592809528604e+01
4.955156592809528604e+01
4.955156592809528604e+01
4.955156592809528604e+01
4.955156592809528604e+01
4.955156592809528604e+01
4.955156592809528604e+01
4.955156592809528604e+01
4.955156592809528604e+01
4.955156592809528604e+01
