4.280829043755120011e+01
4.633448060257264700e+01
4.633448060257264700e+01
4.633448060257264700e+01
4.844797577990290449e+01
4.844797577990290449e+01
4.633448060257264700e+01
4.633448060257264700e+01
4.882048281185583960e+01
5.053860919305879662e+01
5.053860919305879662e+01
5.053860919305879662e+01
5.543966233596639626e+01
5.543966233596639626e+01
5.543966233596639626e+01
5.615211790803437708e+01
5.615211790803437708e+01
5.615211790803437708e+01
5.615211790803437708e+01
5.615211790803437708e+01
5.615211790803437708e+01
5.746351068061111533e+01
5.746351068061111533e+01
5.746351068061111533e+01
5.746351068061111533e+01
5.746351068061111533e+01
5.746351068061111533e+01
5.746351068061111533e+01
5.746351068061111533e+01
5.746351068061111533e+01
5.749478402977000968e+01
5.749478402977000968e+01
5.749478402977000968e+01
5.749478402977000968e+01
5.749478402977000968e+01
5.749478402977000968e+01
5.749478402977000968e+01
5.749478402977000968e+01
5.749478402977000968e+01
5.749478402977000968e+01
5.749478402977000968e+01
5.749478402977000968e+01
5.749478402977000968e+01
5.749478402977000968e+01
5.842734135997120148e+01
5.842734135997120148e+01
5.842734135997120148e+01
5.842734135997120148e+01
5.842734135997120148e+01
5.842734135997120148e+01
5.842734135997120148e+01
5.842734135997120148e+01
5.842734135997120148e+01
5.842734135997120148e+01
5.842734135997120148e+01
5.842734135997120148e+01
5.842734135997120148e+01
5.842734135997120148e+01
5.842734135997120148e+01
5.842734135997120148e+01
5.842734135997120148e+01
5.842734135997120148e+01
5.842734135997120148e+01
5.842734135997120148e+01
5.842734135997120148e+01
5.842734135997120148e+01
5.842734135997120148e+01
5.842734135997120148e+01
5.842734135997120148e+01
5.842734135997120148e+01
5.842734135997120148e+01
5.842734135997120148e+01
5.842734135997120148e+01
5.842734135997120148e+01
5.842734135997120148e+01
5.842734135997120148e+01
5.842734135997120148e+01
5.842734135997120148e+01
5.842734135997120148e+01
5.842734135997120148e+01
5.842734135997120148e+01
5.842734135997120148e+01
