5.258433848384642317e+01
5.258433848384642317e+01
5.258433848384642317e+01
5.258433848384642317e+01
5.422412404099409855e+01
5.608096768541505384e+01
5.608096768541505384e+01
5.608096768541505384e+01
5.608096768541505384e+01
5.608096768541505384e+01
5.608096768541505384e+01
5.608096768541505384e+01
5.608096768541505384e+01
5.623242363165847735e+01
5.623242363165847735e+01
5.623242363165847735e+01
5.623242363165847735e+01
5.623242363165847735e+01
5.623242363165847735e+01
5.623242363165847735e+01
5.644665355684507801e+01
5.644665355684507801e+01
5.644665355684507801e+01
5.645891148387980252e+01
5.645891148387980252e+01
5.645891148387980252e+01
5.645891148387980252e+01
5.645891148387980252e+01
5.645891148387980252e+01
5.645891148387980252e+01
5.645891148387980252e+01
5.645891148387980252e+01
5.645891148387980252e+01
5.645891148387980252e+01
5.882153165866112232e+01
5.882153165866112232e+01
5.882153165866112232e+01
5.882153165866112232e+01
5.882153165866112232e+01
5.882153165866112232e+01
5.882153165866112232e+01
5.882153165866112232e+01
5.882153165866112232e+01
5.882153165866112232e+01
5.882153165866112232e+01
5.882153165866112232e+01
5.882153165866112232e+01
5.882153165866112232e+01
5.882153165866112232e+01
5.882153165866112232e+01
5.882153165866112232e+01
5.882153165866112232e+01
5.882153165866112232e+01
5.882153165866112232e+01
5.882153165866112232e+01
5.882153165866112232e+01
5.882153165866112232e+01
5.882153165866112232e+01
5.882153165866112232e+01
5.882153165866112232e+01
5.882153165866112232e+01
5.882153165866112232e+01
5.882153165866112232e+01
5.882153165866112232e+01
5.882153165866112232e+01
5.882153165866112232e+01
5.882153165866112232e+01
5.882153165866112232e+01
5.882153165866112232e+01
5.882153165866112232e+01
5.882153165866112232e+01
5.882153165866112232e+01
5.882153165866112232e+01
5.882153165866112232e+01
5.882153165866112232e+01
5.882153165866112232e+01
5.882153165866112232e+01
5.882153165866112232e+01
5.882153165866112232e+01
5.882153165866112232e+01
5.882153165866112232e+01
5.882153165866112232e+01
