4.842405089685368580e+01
4.842405089685368580e+01
4.842405089685368580e+01
5.717105438238979076e+01
5.717105438238979076e+01
5.717105438238979076e+01
7.473279945145863223e+01
7.473279945145863223e+01
7.473279945145863223e+01
7.478739390424847500e+01
7.478739390424847500e+01
8.819342407327508226e+01
8.819342407327508226e+01
8.921585110906252680e+01
8.921585110906252680e+01
9.027094978993946484e+01
9.027094978993946484e+01
9.027094978993946484e+01
9.027094978993946484e+01
9.027094978993946484e+01
9.027094978993946484e+01
9.027094978993946484e+01
9.027094978993946484e+01
9.027094978993946484e+01
9.070192571783375968e+01
9.070192571783375968e+01
9.070192571783375968e+01
9.070192571783375968e+01
9.070192571783375968e+01
9.162873816020953655e+01
9.162873816020953655e+01
9.162873816020953655e+01
9.162873816020953655e+01
9.162873816020953655e+01
9.162873816020953655e+01
9.162873816020953655e+01
9.162873816020953655e+01
9.162873816020953655e+01
9.162873816020953655e+01
9.162873816020953655e+01
9.162873816020953655e+01
9.162873816020953655e+01
9.162873816020953655e+01
9.162873816020953655e+01
9.162873816020953655e+01
9.162873816020953655e+01
9.162873816020953655e+01
9.162873816020953655e+01
9.162873816020953655e+01
9.162873816020953655e+01
9.162873816020953655e+01
9.162873816020953655e+01
