4.975602732014917962e+01
4.975602732014917962e+01
4.975602732014917962e+01
4.975602732014917962e+01
5.171373420921746344e+01
5.171373420921746344e+01
5.171373420921746344e+01
5.171373420921746344e+01
5.460889946285193020e+01
5.551649277003154026e+01
5.551649277003154026e+01
5.677915233073822066e+01
5.677915233073822066e+01
5.677915233073822066e+01
5.677915233073822066e+01
5.911880092266981279e+01
5.911880092266981279e+01
5.911880092266981279e+01
5.911880092266981279e+01
5.911880092266981279e+01
5.911880092266981279e+01
5.911880092266981279e+01
5.911880092266981279e+01
5.911880092266981279e+01
6.009070454437510733e+01
6.009070454437510733e+01
6.009070454437510733e+01
6.009070454437510733e+01
6.009070454437510733e+01
6.009070454437510733e+01
6.009070454437510733e+01
6.009070454437510733e+01
6.048390843983721510e+01
6.048390843983721510e+01
6.048390843983721510e+01
6.048390843983721510e+01
6.048390843983721510e+01
6.048390843983721510e+01
6.048390843983721510e+01
6.048390843983721510e+01
6.048390843983721510e+01
6.048390843983721510e+01
6.048390843983721510e+01
6.048390843983721510e+01
6.048390843983721510e+01
6.048390843983721510e+01
6.048390843983721510e+01
6.048390843983721510e+01
6.048390843983721510e+01
6.048390843983721510e+01
6.048390843983721510e+01
6.048390843983721510e+01
6.048390843983721510e+01
6.048390843983721510e+01
6.048390843983721510e+01
6.048390843983721510e+01
6.048390843983721510e+01
6.048390843983721510e+01
6.048390843983721510e+01
6.048390843983721510e+01
6.048390843983721510e+01
6.048390843983721510e+01
