4.389306176072883403e+01
4.747983386209530465e+01
4.747983386209530465e+01
5.555225402394281531e+01
5.555225402394281531e+01
5.555225402394281531e+01
5.555225402394281531e+01
5.555225402394281531e+01
5.555225402394281531e+01
5.555225402394281531e+01
5.555225402394281531e+01
5.555225402394281531e+01
5.555225402394281531e+01
5.555225402394281531e+01
5.605030924267577319e+01
5.605030924267577319e+01
5.605030924267577319e+01
5.605030924267577319e+01
5.605030924267577319e+01
5.605030924267577319e+01
5.605030924267577319e+01
5.804590615405601284e+01
5.804590615405601284e+01
5.804590615405601284e+01
5.804590615405601284e+01
5.955565915469124150e+01
5.955565915469124150e+01
5.955565915469124150e+01
5.955565915469124150e+01
5.955565915469124150e+01
5.955565915469124150e+01
5.955565915469124150e+01
5.955565915469124150e+01
5.955565915469124150e+01
5.955565915469124150e+01
5.955565915469124150e+01
5.955565915469124150e+01
6.065470420250989747e+01
6.065470420250989747e+01
6.065470420250989747e+01
6.065470420250989747e+01
6.065470420250989747e+01
6.065470420250989747e+01
6.065470420250989747e+01
6.065470420250989747e+01
6.065470420250989747e+01
6.065470420250989747e+01
6.065470420250989747e+01
6.065470420250989747e+01
6.065470420250989747e+01
6.065470420250989747e+01
6.065470420250989747e+01
6.065470420250989747e+01
6.065470420250989747e+01
6.065470420250989747e+01
6.065470420250989747e+01
6.065470420250989747e+01
6.065470420250989747e+01
6.065470420250989747e+01
6.065470420250989747e+01
6.065470420250989747e+01
6.065470420250989747e+01
6.065470420250989747e+01
7.161296381506193143e+01
7.161296381506193143e+01
7.161296381506193143e+01
7.161296381506193143e+01
7.161296381506193143e+01
7.161296381506193143e+01
7.161296381506193143e+01
7.161296381506193143e+01
7.161296381506193143e+01
7.161296381506193143e+01
7.161296381506193143e+01
7.161296381506193143e+01
7.161296381506193143e+01
7.161296381506193143e+01
7.161296381506193143e+01
7.161296381506193143e+01
7.161296381506193143e+01
7.161296381506193143e+01
7.161296381506193143e+01
