-6.320483811378268513e+01
1.083123392529527251e+02
-3.477854320052162507e+01
-2.349333879664301961e+00
1.117831056658158957e+02
1.135562385168938135e+02
1.371616675497937194e+02
-1.129314942593903766e+02
6.708280867517309787e+01
-2.802441988374798498e+01
2.179130656585103054e+01
-1.084221082251786186e+02
1.138156767758843273e+02
6.923794840629869896e+01
-2.792031506905592551e+02
-4.258377540012030238e+01
-4.253096815210813730e+01
-8.742177541323938783e+01
-2.094860461629722579e+02
-3.802156316121624258e+01
1.602986058498833302e+02
-2.716273018396684620e+02
-7.995335811891104072e+01
-4.428129113593537625e+01
-1.207396483533967313e+01
-9.259121046481017459e+01
-3.967069983634326036e+01
1.139253119333782962e+02
-3.071870244054656496e+02
-1.358903920373822132e+02
-8.860456760476853333e+01
-1.574342904021623326e+02
1.741488605757894703e+01
-3.912545432182008653e+01
9.274626988621474055e+00
9.849599280112556698e+01
-7.637596412396862888e+01
1.252206714080274139e+02
-9.666472969481485222e+01
-7.581977972954925349e+01
-6.677211514356316968e+01
4.650326238870539441e+01
5.102922723621635015e+01
-6.873040249924839884e+01
1.982049496969335109e+02
-5.548954930867144242e+01
-1.482527825004682427e+02
7.540636911847116153e+00
1.838729188369572398e+01
-2.529710857956127938e+02
1.123698960428145028e+02
-1.442886700444238386e+02
-1.206075318147047000e+02
-2.192971000391012808e+02
1.448652274532384183e+02
7.206155105615731316e+01
1.463163428140856297e+02
4.549851123294970989e+00
2.041488345815423031e+02
5.262251111318144581e+01
-2.633492176620780469e+02
8.369993970780566883e+01
-2.367230769013844451e+02
2.220545315077180248e+02
-7.252369324815370533e+01
-2.130173103365089560e+02
6.570506077150751878e+01
2.177356836795952404e+02
1.960749312243039810e+01
-7.681717336814404007e+01
1.965116916244996901e+02
6.928009007009248421e+01
-4.806140049899214972e+01
-7.544308968007032945e+01
-1.605882315538491412e+02
-2.259194784916880110e+02
-1.298138479424458183e+02
9.970612207311003061e+00
-5.056516903380934025e+01
-3.133926357931142093e+02
-8.559018714398723660e+01
-1.397433566534527927e+01
2.019016795298915952e+02
4.558480860670437806e+01
3.710858506514810529e+01
3.744197058265798006e+01
-4.537022407469710572e+01
5.308635401842497004e+01
-1.514375269382712759e+02
-3.116466765320335952e+00
7.829713469480088861e+01
-1.402698732150712502e+01
-6.324852147930997148e-01
3.914774463804354809e+01
-2.081679365329463849e+02
2.612982849156726317e+01
1.408599899749962248e+00
5.051875694881907464e+01
-1.859726874565018591e+02
-1.098425664545490008e+02
1.475015747448877050e+02
-2.164863382549992821e+01
-5.403669097725295956e+01
8.531960917828104130e+01
2.133462863916310255e+02
-2.678962573509143681e+02
4.794860249634692195e+01
-2.744025931462342527e+00
-5.295994929654524697e+01
2.006744512756154677e+02
9.417530736467546149e+01
-7.942909792415456138e+01
-8.233125788065130735e+01
2.161134164902421517e+01
-5.570347635434121258e+00
1.790482889159572721e+02
-4.469963483282448635e+00
1.499081155477174150e+02
1.396846216602312154e+02
3.404273171506498841e+01
1.892316908142522891e+01
4.996704479400046495e+01
-5.069434454743611695e+01
2.543311315428537398e+02
-2.296030411920889236e+01
1.349532207030420068e+02
-7.442218709381261021e+01
-1.892069414641173637e+02
4.681874026072934214e+01
4.418387824919403073e+01
-9.023761454837860185e+01
-1.430001594588236742e+02
3.847479741585217994e+02
-1.708923653708276333e+02
-2.480007734895110900e+02
-9.420341210403388743e+01
5.602432375473743953e+00
3.250511531753208772e+01
2.647446479599481250e+01
9.574409874845704849e+01
3.347414914653037954e+01
-8.979223511731549934e+01
-5.807164483667193622e+01
-1.892911348763486501e+02
1.051653582574545567e+02
-6.506143951145236315e+01
2.118960818180037791e+02
8.241421776367657515e+01
-8.073747104560719379e+01
-6.408296214971085192e+01
-5.198798609980320151e+01
-3.847858187194542978e+01
-1.110556131535783209e+02
1.240646288385143237e+02
2.036143200981976520e+02
-2.233225346851686197e+02
8.140951773189885898e+01
7.426897809185935273e+01
1.095473143632757598e+02
-1.439283059523309873e+02
1.029834747773503238e+02
2.562914346953430140e+02
2.222898884402777071e+02
-1.529335333480407826e+02
-8.200092157834370710e+01
-3.685538688381807759e+01
-1.189765706704786652e+00
-5.999892174394367572e+01
-3.135335902891532101e+01
1.821114798648843447e+01
4.451637564232804323e+01
-5.354888766804553768e+01
1.614227175427943450e+01
-1.594748897986620761e+02
1.745619369735914859e+02
6.709809285129495038e+01
8.703948330615736495e+01
1.367739343178832314e+02
-2.529729138345146211e+01
1.031633054608711575e+02
2.188669140283697345e+01
-1.641159690181061706e+02
-5.680059353574056757e+01
2.811649460579079118e+01
-1.706665492975345728e+02
-6.765739975289869790e+01
2.117369372958588940e+02
-9.386654661384035592e+00
-6.337210384729900170e+00
-3.384990486617209626e+02
2.253068760217143449e+02
-9.667559526126925107e+01
1.523674703335015224e+01
1.519336675263941459e+02
8.357633100622277311e+01
-2.162309948732331009e+02
-1.764695012280230912e+02
1.279054858332509355e+02
-8.697935375691021420e+01
-2.920731171316977992e+01
-1.432545061834135822e+02
-4.353982749248145012e+01
3.727138489932418253e+01
-1.285146902123804011e+02
-2.249657845214182714e+02
-5.679751582321527792e+01
-7.186784191947776890e+01
9.955745116228280267e+01
-5.516123109228263388e+01
-1.458637285922973774e+02
6.575568833840240757e+01
-3.118633605102159834e+01
3.869414719091013666e+01
-1.034169907665350649e+02
-1.542827793709819844e+02
-1.022245179989507733e+02
-1.212664776558441275e+02
-5.061877735846302073e+01
2.539971414639321097e+02
-2.244220410360441065e+02
1.226892206511950292e+02
-3.757495105350406561e+02
1.286465532885493701e+01
-1.125292128728566752e+02
-1.418880001973262779e+02
-2.333034817367965985e+01
8.442262357685414997e+01
7.291271421442931455e+01
1.942930611323351116e+02
3.651744043561011210e+01
-2.310080562618622650e+02
-1.151448238835762972e+01
-2.446079077851557599e+02
2.120246404721260660e+02
-8.998553200518595929e+01
1.680957076539394990e+01
-2.777500472331153105e+02
1.296612327248064673e+02
4.055403219767045186e+01
-3.204878377851461551e+02
3.395055281295175291e+02
1.106682736395732576e+02
-3.561209534224207829e+01
1.009994660307642249e+02
-1.229838449189389991e+02
-1.197228564482954454e+02
4.149612347048721972e+01
-1.362606646038116196e+02
-8.777139764683509782e+01
-1.674426286554176357e+01
-1.088061778374281729e+01
-1.949766856547007876e+02
2.202745400687958011e+02
-1.291297082547590662e+02
-2.680301800840992996e+02
2.122593030553790783e+01
-1.074361382587381257e+02
-1.437546302345901097e+02
-1.202922471883779139e+02
-7.887996147728615881e+01
-1.012163026522821383e+02
1.462649506444210772e+02
1.318214778663462710e+02
-1.990631697648446163e+01
-1.144005376454464624e+02
