1.642038705342829132e+02
-6.730052868097589069e+00
8.241246950770693047e+01
4.248563089566125228e+01
3.066526971080786979e+01
-3.246432953848221103e+01
9.265613599234902154e+01
-6.683342094582583570e+01
-7.652630607501387772e+01
-3.620050560155034702e+01
-1.666246300298972756e+02
-4.354691643730689066e+01
3.869107032128573209e+00
1.289306811673326933e+02
8.974702087255103322e+00
-3.310994453629459855e+01
4.822759089924541342e+01
-1.130629687106290930e+02
-3.846287526921188515e+01
-5.219647329462111429e+01
1.283166445436561673e+02
1.386414822774797813e+02
-4.592938740530148323e+01
1.490294725147711219e+01
6.004014345140745235e+01
6.538183734166116778e+01
7.830704573010906699e+01
3.328339129446214884e+01
-3.414825057148341614e+01
3.279667491920934452e+01
-6.720214725574834347e+00
-3.224519476329356849e+01
-1.561203236877206564e+02
-8.354289377220908364e+00
-2.864476936183203861e+02
1.950390987478963467e+01
-5.336539001056265619e+01
-4.383253796493271182e+00
8.239495626520437099e+01
2.479820015397548261e+01
1.137384084461120040e+02
1.984956193814200631e+01
-1.143674543414739588e+02
-4.785736039183220214e+01
5.423202534910052464e+01
-4.875915714236239751e+01
-5.408848900457434183e+01
-3.152737214238889862e+00
-5.746277714387083790e+01
7.646298534824752835e+01
-5.952743859612027677e+01
1.581503194798838479e+02
-2.116753251119854440e+01
6.124132595558355519e+01
-2.904461557972861740e+01
-1.449101851591175887e+02
-7.029048432349107145e+00
2.402618773844842792e+00
2.196982378061564702e+02
-5.561484621755474222e+01
-6.570173249572142993e+01
-5.644795007633818074e+01
-4.668570740245079520e+01
-9.276129812173314804e+01
-5.691267188680249234e+01
3.838133443417416402e+01
-8.734840730236052764e+01
1.926174316262716957e+01
-3.859488950215003911e+01
1.056057509055879251e+00
6.278379787638436937e+01
-6.510709934854489234e+01
8.894011056289716066e+01
8.978111160532758106e+01
3.122607038942214430e+01
-1.043837006360705146e+02
-7.489251763663421002e+01
2.817412378872456813e+01
1.120114638929744899e+01
-4.798857106391652394e+01
6.142696892718169721e+01
-1.173806197804109672e+02
-2.222641747150353808e+01
4.334751501922768568e+01
-6.302647411652464626e+01
-4.367489540892242417e+01
1.572694096201716896e+01
-7.966204769036171740e+01
6.991979484384454935e+00
-4.551227616196641179e+00
-3.740919822922218430e+01
7.313797011249683067e+01
5.114877154607600573e+01
-2.655361114257990351e+01
-3.278202089033081279e+01
1.273722454299015538e+00
-1.862577484273911566e+01
7.108924229027147135e+01
-3.094743390933159333e+01
-6.024560687721158558e+01
-2.627401468281327723e+01
-7.643451407972247580e+01
1.037765686407412318e+02
-6.911304912364819586e+00
2.060656910373134210e+01
8.534575118939375216e+01
-9.194746675764857002e+01
-8.913650073227046278e+01
3.245636713142164353e+01
-1.114548025752402438e+01
-1.009919782226455851e+02
-2.206088542311829315e+01
9.248681306470110997e+01
-2.708434176812476579e+01
1.235700034946954133e+02
-1.876166762451238696e+02
1.196635334842644056e+02
3.514550247235013103e+01
-2.602415586204809728e+01
-1.125708827146276434e+02
1.639556294189081953e+01
-8.326357914280841044e+00
-4.863885861541446332e+01
8.800730026410796825e+00
2.266880897317377830e+01
6.052554566917800472e-01
-8.264519793491868427e+01
1.781531711446983479e+01
-6.533892244669232241e+01
-4.529311480748086183e+01
-6.474569643955500453e+01
7.080721536667682869e+01
-1.690935280924964701e+00
2.234975776585355334e+01
1.279916362511623049e+02
-9.465497277204886473e+01
3.620602798437847980e+01
-4.090724727317572729e+01
-5.815368744761602215e+01
-5.646202661003722767e+01
4.123991380297768927e+01
7.294832495283147011e+01
-4.204188670891868185e+01
-1.038595032560946549e+02
-8.822811030305315683e+01
1.672922769590549592e+02
8.543225181558204895e+01
7.012830325552597799e+01
-2.541301745415533020e+01
-2.197236728203921174e+01
-5.623892545906828389e+01
1.614263192798455577e+02
5.552944094906121109e+01
9.524997443164731692e+01
2.058729749766660433e+01
-1.011160328232309382e+02
1.214560013972722885e+02
2.141309333289407490e+01
4.862806531562220869e+01
-2.705104301083383689e+01
-3.811351402872539040e+01
-2.533122765928833076e+01
-2.808719586489614883e+01
-9.454403688988931265e+01
1.271428495934305758e+01
2.541801659083080978e+01
1.009714236481682974e+02
-1.037959039098576568e+02
-6.858262194931985789e+01
-3.006063115364467819e+01
1.819659592574698763e+02
2.869533393067949589e+01
-1.506439784276094542e+02
2.533151707125977481e+00
1.142341695422775700e+02
8.803516412735996255e+01
2.458231792423838158e+00
1.184584599137104419e+02
-7.783993809350818083e+01
-3.772550230645399694e+01
8.138712929368396942e+01
2.707735997866230093e+01
4.531372146471606754e+01
-8.915103163078636328e+01
-5.152916922873413341e+01
-7.950362551167947345e+01
-8.817196695617296598e+01
-2.161074927144683144e+01
1.237884633313120730e+02
4.723359520942015166e+00
-4.334682131304486319e+00
5.013256635966288144e+01
1.388961954750234611e+02
-3.750042376268309852e+01
7.398877221457679809e+01
2.479533367517619880e+00
8.443202109417563861e+01
1.272840320893424249e+00
3.758682011265428713e+01
2.005919499708756604e+01
1.601862162010764621e+02
1.456236957926897446e-01
-7.583422995012182355e+01
-5.099962913253216712e+00
-3.663013388594502828e+01
-3.088013514618714339e+01
1.078788030051205169e+02
9.676272131596199699e-01
7.939020763347201637e+01
1.019797419460280281e+02
-2.244993582938888608e+02
-1.788245319288547464e+01
5.969408128827073767e+01
1.325930167714994923e+02
-7.831655161095619633e+01
5.616598502502121448e+01
-2.263191962349605646e+01
5.526600313519966079e+01
2.024896245801552652e+02
6.013937425763948852e+01
-1.764925984259841840e+01
-4.844351333909386170e+01
3.999190001751774304e+00
3.300831204344014225e+01
5.242808037051240433e+01
1.001881285424714889e+02
-1.139991564429623025e+02
-6.479835837810855992e+01
7.231232031245839664e+01
1.154307214868688618e+02
-5.668694087810369098e+00
-4.370809875536461675e+01
-1.557122657647242079e+02
-1.284806228286372800e+02
6.554464000538078494e+01
-5.693726881380823102e+01
-1.542317646114998695e+02
-1.454997019756325471e+01
-8.900354057029511523e+01
1.020491807221263798e+02
-6.314328175801439791e+00
8.882145455960611002e+01
1.076913979137970045e+02
2.488278291944652665e+01
6.278879332576268268e+01
-1.466004606583956615e+02
-1.207387095120295228e+01
-6.851307077293304459e+00
9.258339216196085886e+01
4.218451794135474131e+01
-1.114336748322469077e+02
-5.469175043787937796e+01
5.293524869434475733e+01
6.604946169612517792e+00
2.019110895304519815e+01
-1.147874742587058847e+02
1.940347483999784473e+01
6.742826026651091098e+00
9.701836235589027524e-01
-1.341531499403712928e+02
5.230055412544451343e+01
1.767525808755237335e+02
-7.945092274796436982e+01
1.208213559810714912e+02
-3.393895126975687049e+01
