4.767705193348166404e+01
4.767705193348166404e+01
4.767705193348166404e+01
4.767705193348166404e+01
5.276493262946177509e+01
5.388176754044589245e+01
5.388176754044589245e+01
5.388176754044589245e+01
5.388176754044589245e+01
5.403869835091663276e+01
5.428597995841822410e+01
5.428597995841822410e+01
5.428597995841822410e+01
5.579375721802309585e+01
5.579375721802309585e+01
5.579375721802309585e+01
5.579375721802309585e+01
5.608812302980969378e+01
5.608812302980969378e+01
5.608812302980969378e+01
5.608812302980969378e+01
5.608812302980969378e+01
5.608812302980969378e+01
5.608812302980969378e+01
5.608812302980969378e+01
5.608812302980969378e+01
5.608812302980969378e+01
5.608812302980969378e+01
5.608812302980969378e+01
5.608812302980969378e+01
5.608812302980969378e+01
5.608812302980969378e+01
5.608812302980969378e+01
5.608812302980969378e+01
5.608812302980969378e+01
5.608812302980969378e+01
5.608812302980969378e+01
5.608812302980969378e+01
5.608812302980969378e+01
5.608812302980969378e+01
5.608812302980969378e+01
5.608812302980969378e+01
5.608812302980969378e+01
5.608812302980969378e+01
5.608812302980969378e+01
5.608812302980969378e+01
5.608812302980969378e+01
5.608812302980969378e+01
5.608812302980969378e+01
5.608812302980969378e+01
5.608812302980969378e+01
5.608812302980969378e+01
5.608812302980969378e+01
5.608812302980969378e+01
5.608812302980969378e+01
5.608812302980969378e+01
5.608812302980969378e+01
5.608812302980969378e+01
5.608812302980969378e+01
5.608812302980969378e+01
5.608812302980969378e+01
5.608812302980969378e+01
5.608812302980969378e+01
5.608812302980969378e+01
5.608812302980969378e+01
5.608812302980969378e+01
5.608812302980969378e+01
5.608812302980969378e+01
5.608812302980969378e+01
5.608812302980969378e+01
5.608812302980969378e+01
5.608812302980969378e+01
5.608812302980969378e+01
5.608812302980969378e+01
5.608812302980969378e+01
5.608812302980969378e+01
5.608812302980969378e+01
5.608812302980969378e+01
5.608812302980969378e+01
5.608812302980969378e+01
5.608812302980969378e+01
5.608812302980969378e+01
