4.902103612422769885e+01
4.902103612422769885e+01
4.932954390688588120e+01
4.932954390688588120e+01
5.224244948009375378e+01
5.224244948009375378e+01
5.224244948009375378e+01
5.224244948009375378e+01
5.224244948009375378e+01
5.224244948009375378e+01
5.287964918592201258e+01
5.287964918592201258e+01
5.656064737141505105e+01
5.680636733906425206e+01
5.685524501774816031e+01
5.685524501774816031e+01
5.685524501774816031e+01
5.696860885786624351e+01
5.759365687243433740e+01
5.759365687243433740e+01
5.759365687243433740e+01
5.759365687243433740e+01
5.759365687243433740e+01
5.759365687243433740e+01
5.759365687243433740e+01
5.759365687243433740e+01
5.785450450938591160e+01
5.785450450938591160e+01
5.785450450938591160e+01
5.785450450938591160e+01
5.785450450938591160e+01
5.785450450938591160e+01
5.785450450938591160e+01
5.785450450938591160e+01
5.785450450938591160e+01
5.785450450938591160e+01
5.785450450938591160e+01
5.785450450938591160e+01
5.785450450938591160e+01
5.785450450938591160e+01
5.785450450938591160e+01
5.785450450938591160e+01
5.809824193704798745e+01
5.809824193704798745e+01
5.809824193704798745e+01
5.809824193704798745e+01
5.809824193704798745e+01
5.848683379248478786e+01
5.848683379248478786e+01
5.848683379248478786e+01
5.848683379248478786e+01
5.848683379248478786e+01
5.849531460976087516e+01
5.849531460976087516e+01
5.849531460976087516e+01
5.849531460976087516e+01
5.849531460976087516e+01
5.849531460976087516e+01
5.849531460976087516e+01
5.849531460976087516e+01
5.849531460976087516e+01
5.849531460976087516e+01
5.849531460976087516e+01
5.849531460976087516e+01
5.849531460976087516e+01
5.849531460976087516e+01
5.849531460976087516e+01
5.849531460976087516e+01
5.849531460976087516e+01
5.849531460976087516e+01
5.849531460976087516e+01
5.849531460976087516e+01
5.849531460976087516e+01
5.849531460976087516e+01
5.849531460976087516e+01
5.849531460976087516e+01
5.849531460976087516e+01
5.849531460976087516e+01
5.849531460976087516e+01
5.849531460976087516e+01
5.849531460976087516e+01
5.849531460976087516e+01
