-8.622223351955247139e+00
-2.598981292954805866e+01
2.858810345244731721e+01
6.464350351403265904e+01
1.084624765987228017e+02
3.169085885413412385e+01
5.572283333613012957e+01
5.179927139814662951e+01
2.062000572411269061e+01
4.154503922500381208e+01
-1.215714792660472057e+02
-1.618942726763491180e+01
-1.570053682934326389e+01
-1.289680177709996940e+02
-6.363607260713477132e+01
2.963841667723084328e+01
5.076576261193114448e+00
1.873002420260792746e+02
4.043567179817724622e+01
-8.588295010703865273e+01
6.453753221111023208e+01
-1.115924056751369875e+01
9.998169846275324346e+01
-1.329093663940874990e+02
-7.756581208331624566e+01
-3.432357580205096781e+01
4.841528311462811018e+01
-1.238299239190455978e+02
-3.623943714103835134e+01
2.015851575678482277e+00
3.923896367508091032e+01
-3.569505489368106765e+01
-1.676056339079133295e+01
-8.480487977883475992e+01
4.072222391083358417e+01
4.974399804922545343e+01
4.825927590068488371e+01
2.865780079787314705e+01
8.541057042405495281e+01
-5.575747989783798886e+01
-2.426717627254812371e+01
-8.691380695025364389e+01
2.016822167680003020e+01
-1.473059634108510529e+01
-8.672470874895590498e+01
8.757871821956088354e+01
-7.185421100021838470e+01
-1.131403307570409993e+02
-2.301728646975005432e+01
-1.085972812831582957e+01
-1.082747362670678086e+02
-2.657216351904705220e+01
-7.241400100462733747e+00
3.414497019479814810e+01
-7.358917683913281849e+01
4.560227739818792969e+01
-7.436435643078245050e+01
6.868668427365142293e+01
-3.477999769877417435e+01
1.953493093223195842e+01
7.866924414538860333e+01
-1.002359966300647329e+02
1.994903181139630988e+01
2.770793638791486657e+01
-1.368168739628028341e+01
2.039053861123283298e+02
-1.234341939901209528e+01
-5.127439327819057269e+01
-9.988277843415820811e+00
7.208967785469970124e+01
9.474309733740523143e+01
7.007169668928352735e+01
-1.572399877554182268e+01
6.343331127827481453e+01
7.925537973223742938e+01
-1.164286062978588348e+02
4.633251688719826689e+01
7.904504180581970019e+00
-2.831648166643999076e+01
5.950758966490175439e+00
2.589032766466164048e+01
-5.184680879600217906e+01
8.201685794407144670e+01
-8.476740977584127279e+01
-4.361267467953079802e+01
1.259381508484087533e+02
1.068334487757777254e+02
6.275670752744179026e+01
-4.315685258224814191e+01
1.334514677515531389e+02
7.557861683282496301e+00
-1.131561626256858091e+02
1.248921078458874661e+02
-1.595615212388673854e+01
3.304994050071482548e+01
5.646411567616539173e+00
3.809279272687215112e+00
1.772275504470502483e+01
3.005753495975236689e+01
5.085660022660188417e+01
-5.134106437613453267e+01
-3.532769243448475294e+01
3.469124491282780554e+01
-7.165256716660880443e+01
-3.503431049962956223e+01
1.068456326544174573e+01
-2.334777237557534590e+01
2.306041634035335619e+01
-9.972476545087420874e+00
3.655527524736844924e+01
-1.565168143887120245e+01
1.293652190504227804e+02
3.052762351244045291e+01
6.499511356545377794e+01
3.113400911621649669e+00
8.639715946514378686e+00
1.355486453081879716e+01
-8.285296885608417483e+01
-5.671853796735593534e+01
-1.472608352447397522e+02
-7.662823800733718826e+00
-3.594804722160180432e+00
6.845402721646445343e+01
9.235534447256264912e+01
-1.462722406787900553e+00
-2.278852222409216211e+01
-5.347826318040128513e+01
-1.065281635993539737e+02
-1.330465395484530688e+01
-4.490753316953337304e+01
3.991569263554825397e+01
-8.123413889065652427e+01
-2.448086504172432853e+01
4.623153771901866094e+01
-8.649616780315938058e+01
8.483315891336062009e+00
-1.156547654028760377e+02
-6.166686250809616610e+01
4.916330814974282148e+00
-9.530728484851938731e+01
6.324199349025069949e+01
-7.410928772759957539e+00
-1.087195889187055897e+01
7.874578357739152068e+01
6.735577873512809788e+01
-8.483295748990911989e+00
-1.779760526878335014e+01
-9.091686141749299566e+01
1.650948421386740961e+01
-6.567074554383056295e+01
2.122441006231749938e+01
4.382784193626218183e+00
1.111778265490699624e+01
-1.548834635594769793e+01
-8.885237136358287557e+01
5.369469560444473188e+01
-2.264510293166093646e+01
-6.340676263666409795e+01
5.175035314949383292e-01
-4.382307101146763273e+01
6.574943021780819663e+01
8.267715517206451636e+01
-4.181153016056389049e+01
-1.051736212757655835e+02
-4.931752042829548088e+01
-1.470686482003523388e+01
-3.859106430647120334e+00
1.361169734652586172e+01
5.089630425532664049e+01
1.364197646334655474e+02
6.209714155672988056e+01
2.887760245875770693e+01
1.093171264032137557e+01
6.653977764283258978e+01
8.613834554114161790e+01
-5.332623898083031122e+01
-1.394509059858012279e+02
5.339756167927195207e+00
-2.861632588667245969e+01
-3.278466116034132227e+01
-5.831337028423346425e+01
3.802574066535390074e+01
6.562989354823510268e+01
-3.189659274612869666e+01
-9.500840183441076192e+01
5.732111456148111017e+01
6.387305299889404608e+01
-2.502315887525247007e+01
1.480528654782934517e+01
5.641777055606713276e+00
5.038967382818333363e+01
-2.024402647974991964e+02
-6.651330451699014645e+01
-8.135357628302049449e+00
6.154346386049036255e+01
-5.235546810943409568e+00
1.799428188497005721e+01
5.455915395687120650e+01
1.585081559831510845e+02
6.457729644397623758e+01
7.331206243687239521e+01
6.607039823387385269e+00
-1.950243789004631623e+01
5.820819876650568858e+01
-2.371787104774098509e+01
5.085973712283793446e+01
3.117180980591335526e+01
-4.528140045288893134e-01
-2.901674363895589082e+01
4.644941175826316737e+01
-8.650949381286127959e+01
-6.604214239015756505e+01
-5.414086185242620530e+01
4.372551764933894702e+01
-5.489300123429775624e+01
-2.069205835246775038e+01
-8.265161964682195617e+01
8.349915629811256679e+01
2.170633885081079484e+02
-2.885413098568308854e+01
-1.902259819314630818e+01
2.374385588058455809e+01
-7.388014949649033269e+01
2.475572751534173932e+01
-9.615705220312240442e+01
-1.593488512949603546e+02
8.455417941587778330e+01
4.893062928241438669e+01
1.561991292776828004e+02
-9.478997343366284412e+00
-5.419147463116904362e+01
-4.904158245939575522e+01
1.090732090340780402e+01
-1.189874625503916548e+02
2.321679240037247283e+01
8.559608058137818887e+01
-3.217240948315044591e+01
-1.009757156801901772e+02
-8.257731509984186857e+01
6.968442937661265546e+01
-9.088511819181600515e+01
-6.793303717726165303e+01
-2.276010808004591013e+01
-6.745414777459636468e+01
4.624907681593928999e+01
-4.053341551809771914e+01
1.446335580185872516e+01
-7.233232585989970431e+00
-4.017275611756278408e+01
4.923709749003411673e+01
3.501233236144913263e+01
4.210915094484714416e+01
-4.696024847517139023e+01
-7.478879240760035430e+01
-9.021981701630463135e+01
-2.966132710574152043e+01
1.156702488776991373e+02
-8.149836014150645269e+01
1.198990797284152734e+02
-2.590601417028772602e+01
-1.288635457585801873e+02
-2.216861234074208653e+01
1.030790468519972691e+01
-2.682180162819933855e+01
-4.517371355218930518e+00
