4.471333443551440467e+01
4.471333443551440467e+01
4.471333443551440467e+01
4.505460213165726913e+01
4.505460213165726913e+01
5.085304991333632074e+01
5.085304991333632074e+01
5.085304991333632074e+01
5.262572947874122065e+01
5.262572947874122065e+01
5.262572947874122065e+01
5.262572947874122065e+01
5.262572947874122065e+01
6.394770753701816091e+01
6.394770753701816091e+01
6.394770753701816091e+01
6.394770753701816091e+01
6.394770753701816091e+01
6.394770753701816091e+01
6.394770753701816091e+01
6.394770753701816091e+01
6.394770753701816091e+01
6.394919757486805167e+01
6.394919757486805167e+01
6.394919757486805167e+01
6.423342639015734790e+01
6.423342639015734790e+01
6.423342639015734790e+01
6.423342639015734790e+01
6.446590411157343681e+01
6.446590411157343681e+01
6.446590411157343681e+01
6.446590411157343681e+01
6.446590411157343681e+01
6.484279355185175575e+01
6.484279355185175575e+01
6.484279355185175575e+01
6.484279355185175575e+01
6.525290378395949631e+01
6.525290378395949631e+01
6.525290378395949631e+01
6.525290378395949631e+01
6.540648006688162752e+01
6.540648006688162752e+01
6.540648006688162752e+01
6.588047994753820547e+01
6.613505145710387012e+01
6.613505145710387012e+01
6.613505145710387012e+01
6.613505145710387012e+01
6.613505145710387012e+01
6.613505145710387012e+01
6.613505145710387012e+01
6.613505145710387012e+01
6.613505145710387012e+01
6.643150677463604836e+01
6.643150677463604836e+01
6.643150677463604836e+01
6.643150677463604836e+01
6.643150677463604836e+01
6.643150677463604836e+01
6.643150677463604836e+01
