5.220545359188707835e+01
5.220545359188707835e+01
5.220545359188707835e+01
5.243363027181027292e+01
6.853183965931579280e+01
6.853183965931579280e+01
6.958769121091985710e+01
6.958769121091985710e+01
6.958769121091985710e+01
6.958769121091985710e+01
6.958769121091985710e+01
6.958769121091985710e+01
6.958769121091985710e+01
6.958769121091985710e+01
7.136792702931715837e+01
7.136792702931715837e+01
7.136792702931715837e+01
7.136792702931715837e+01
7.136792702931715837e+01
7.255711112831349396e+01
7.255711112831349396e+01
7.255711112831349396e+01
7.255711112831349396e+01
7.255711112831349396e+01
7.255711112831349396e+01
7.255711112831349396e+01
7.255711112831349396e+01
7.255711112831349396e+01
7.573062095682213624e+01
7.573062095682213624e+01
7.573062095682213624e+01
7.573062095682213624e+01
7.573062095682213624e+01
7.573062095682213624e+01
7.573062095682213624e+01
7.573062095682213624e+01
7.573062095682213624e+01
7.573062095682213624e+01
7.573062095682213624e+01
7.573062095682213624e+01
7.573062095682213624e+01
7.573062095682213624e+01
7.573062095682213624e+01
7.573062095682213624e+01
7.573062095682213624e+01
7.573062095682213624e+01
7.573062095682213624e+01
7.573062095682213624e+01
7.573062095682213624e+01
7.573062095682213624e+01
7.573062095682213624e+01
7.573062095682213624e+01
7.573062095682213624e+01
7.573062095682213624e+01
7.573062095682213624e+01
7.573062095682213624e+01
7.573062095682213624e+01
7.573062095682213624e+01
7.573062095682213624e+01
7.573062095682213624e+01
7.573062095682213624e+01
7.573062095682213624e+01
