8.632254710353531379e+01
8.632254710353531379e+01
8.632254710353531379e+01
9.013669509194095042e+01
9.055402398497817273e+01
9.055402398497817273e+01
9.055402398497817273e+01
9.055402398497817273e+01
9.055402398497817273e+01
9.072936197187237894e+01
9.072936197187237894e+01
9.072936197187237894e+01
9.072936197187237894e+01
9.072936197187237894e+01
9.072936197187237894e+01
9.147289246928257000e+01
9.147289246928257000e+01
9.147289246928257000e+01
9.147289246928257000e+01
9.147289246928257000e+01
9.147289246928257000e+01
9.147289246928257000e+01
9.147289246928257000e+01
9.147289246928257000e+01
9.147289246928257000e+01
9.147289246928257000e+01
9.147289246928257000e+01
9.147289246928257000e+01
9.175870783429060396e+01
9.175870783429060396e+01
9.175870783429060396e+01
9.175870783429060396e+01
9.175870783429060396e+01
9.175870783429060396e+01
9.175870783429060396e+01
9.241870783429058633e+01
9.241870783429058633e+01
9.241870783429058633e+01
9.241870783429058633e+01
9.241870783429058633e+01
9.241870783429058633e+01
9.241870783429058633e+01
9.241870783429058633e+01
9.241870783429058633e+01
9.241870783429058633e+01
9.241870783429058633e+01
9.241870783429058633e+01
9.241870783429058633e+01
9.241870783429058633e+01
9.241870783429058633e+01
9.241870783429058633e+01
9.241870783429058633e+01
