3.917991706964762955e+01
3.917991706964762955e+01
3.917991706964762955e+01
3.917991706964762955e+01
3.917991706964762955e+01
3.917991706964762955e+01
3.917991706964762955e+01
3.917991706964762955e+01
3.917991706964762955e+01
3.917991706964762955e+01
3.917991706964762955e+01
6.617695410451699445e+01
6.617695410451699445e+01
6.617695410451699445e+01
6.617695410451699445e+01
6.617695410451699445e+01
6.617695410451699445e+01
6.617695410451699445e+01
6.617695410451699445e+01
6.617695410451699445e+01
6.625379680945984262e+01
6.625379680945984262e+01
6.625379680945984262e+01
6.625379680945984262e+01
9.184704041507838213e+01
9.184704041507838213e+01
9.184704041507838213e+01
9.184704041507838213e+01
9.184704041507838213e+01
9.184704041507838213e+01
9.184704041507838213e+01
9.184704041507838213e+01
9.184704041507838213e+01
9.184704041507838213e+01
9.184704041507838213e+01
9.184704041507838213e+01
9.184704041507838213e+01
9.184704041507838213e+01
9.184704041507838213e+01
9.184704041507838213e+01
9.184704041507838213e+01
9.184704041507838213e+01
9.184704041507838213e+01
9.184704041507838213e+01
9.184704041507838213e+01
9.184704041507838213e+01
9.184704041507838213e+01
9.184704041507838213e+01
9.184704041507838213e+01
9.184704041507838213e+01
9.184704041507838213e+01
9.184704041507838213e+01
9.184704041507838213e+01
9.184704041507838213e+01
9.184704041507838213e+01
9.184704041507838213e+01
9.184704041507838213e+01
9.184704041507838213e+01
9.184704041507838213e+01
9.184704041507838213e+01
9.184704041507838213e+01
9.184704041507838213e+01
