2.126990021702642508e+01
2.126990021702642508e+01
2.126990021702642508e+01
3.901354799471556589e+01
8.462111423509887231e+01
8.462111423509887231e+01
8.462111423509887231e+01
8.462111423509887231e+01
8.462111423509887231e+01
8.462111423509887231e+01
8.462111423509887231e+01
8.462111423509887231e+01
8.462111423509887231e+01
8.462111423509887231e+01
8.462111423509887231e+01
8.462111423509887231e+01
8.462111423509887231e+01
8.462111423509887231e+01
8.462111423509887231e+01
8.462111423509887231e+01
8.462111423509887231e+01
8.462111423509887231e+01
8.462111423509887231e+01
8.462111423509887231e+01
8.462111423509887231e+01
8.462111423509887231e+01
8.462111423509887231e+01
8.462111423509887231e+01
8.462111423509887231e+01
8.462111423509887231e+01
8.462111423509887231e+01
8.462111423509887231e+01
8.462111423509887231e+01
8.462111423509887231e+01
8.462111423509887231e+01
8.462111423509887231e+01
8.733854308107198960e+01
8.733854308107198960e+01
8.733854308107198960e+01
8.733854308107198960e+01
8.733854308107198960e+01
8.733854308107198960e+01
8.733854308107198960e+01
8.733854308107198960e+01
8.733854308107198960e+01
8.733854308107198960e+01
8.733854308107198960e+01
8.733854308107198960e+01
8.733854308107198960e+01
8.733854308107198960e+01
8.733854308107198960e+01
8.733854308107198960e+01
