2.271638331842970260e+01
2.271638331842970260e+01
2.271638331842970260e+01
2.276517348259913121e+01
4.176174974296098696e+01
4.176174974296098696e+01
4.176174974296098696e+01
4.176174974296098696e+01
4.176174974296098696e+01
4.176174974296098696e+01
4.176174974296098696e+01
4.176174974296098696e+01
4.220682398916420652e+01
4.220682398916420652e+01
4.220682398916420652e+01
4.220682398916420652e+01
5.302567859239151460e+01
5.302567859239151460e+01
5.302567859239151460e+01
5.302567859239151460e+01
5.302567859239151460e+01
5.302567859239151460e+01
5.302567859239151460e+01
5.302567859239151460e+01
5.302567859239151460e+01
5.302567859239151460e+01
5.302567859239151460e+01
5.302567859239151460e+01
5.302567859239151460e+01
5.302567859239151460e+01
5.302567859239151460e+01
5.302567859239151460e+01
5.302567859239151460e+01
5.302567859239151460e+01
5.302567859239151460e+01
5.302567859239151460e+01
5.302567859239151460e+01
5.302567859239151460e+01
5.302567859239151460e+01
5.302567859239151460e+01
5.302567859239151460e+01
5.302567859239151460e+01
5.302567859239151460e+01
5.302567859239151460e+01
5.302567859239151460e+01
5.302567859239151460e+01
5.302567859239151460e+01
5.302567859239151460e+01
5.302567859239151460e+01
5.302567859239151460e+01
5.302567859239151460e+01
5.302567859239151460e+01
5.302567859239151460e+01
5.302567859239151460e+01
5.302567859239151460e+01
5.302567859239151460e+01
5.302567859239151460e+01
5.302567859239151460e+01
5.302567859239151460e+01
5.302567859239151460e+01
5.302567859239151460e+01
5.302567859239151460e+01
