4.884616418543772909e+01
4.884616418543772909e+01
4.948997804398718614e+01
4.948997804398718614e+01
5.369241318955658926e+01
5.369241318955658926e+01
5.369241318955658926e+01
5.369241318955658926e+01
5.502613654036305491e+01
5.502613654036305491e+01
5.502613654036305491e+01
5.502613654036305491e+01
5.502613654036305491e+01
5.502613654036305491e+01
5.587678950174672110e+01
5.587678950174672110e+01
5.587678950174672110e+01
5.587678950174672110e+01
5.587678950174672110e+01
5.587678950174672110e+01
5.589841425029171518e+01
5.695153994000641973e+01
5.695153994000641973e+01
5.695153994000641973e+01
5.868206284444092091e+01
5.868206284444092091e+01
5.868206284444092091e+01
5.868206284444092091e+01
5.868206284444092091e+01
5.868206284444092091e+01
5.906203055806394531e+01
5.906203055806394531e+01
5.906203055806394531e+01
5.906203055806394531e+01
5.906203055806394531e+01
5.906203055806394531e+01
5.906203055806394531e+01
5.906203055806394531e+01
5.906203055806394531e+01
5.906203055806394531e+01
5.906203055806394531e+01
5.906203055806394531e+01
5.906203055806394531e+01
5.906203055806394531e+01
5.906203055806394531e+01
5.906203055806394531e+01
5.906203055806394531e+01
5.906203055806394531e+01
5.906203055806394531e+01
5.906203055806394531e+01
5.906203055806394531e+01
5.906203055806394531e+01
5.906203055806394531e+01
5.906203055806394531e+01
5.906203055806394531e+01
5.906203055806394531e+01
5.906203055806394531e+01
5.906203055806394531e+01
5.906203055806394531e+01
5.906203055806394531e+01
5.906203055806394531e+01
5.906203055806394531e+01
5.906203055806394531e+01
5.906203055806394531e+01
5.906203055806394531e+01
5.906203055806394531e+01
5.906203055806394531e+01
5.906203055806394531e+01
5.906203055806394531e+01
5.906203055806394531e+01
5.906203055806394531e+01
5.906203055806394531e+01
5.906203055806394531e+01
5.906203055806394531e+01
5.906203055806394531e+01
5.906203055806394531e+01
5.906203055806394531e+01
5.906203055806394531e+01
5.906203055806394531e+01
5.906203055806394531e+01
5.906203055806394531e+01
5.906203055806394531e+01
