3.901354799471556589e+01
3.901354799471556589e+01
3.901354799471556589e+01
6.597897665065048045e+01
6.597897665065048045e+01
6.597897665065048045e+01
6.597897665065048045e+01
6.601354799471556589e+01
9.490013357217580392e+01
9.490013357217580392e+01
9.490013357217580392e+01
9.490013357217580392e+01
9.490013357217580392e+01
9.490013357217580392e+01
9.490013357217580392e+01
9.490013357217580392e+01
9.490013357217580392e+01
9.490013357217580392e+01
9.490013357217580392e+01
9.490013357217580392e+01
9.490013357217580392e+01
9.490013357217580392e+01
9.490013357217580392e+01
9.490013357217580392e+01
9.490013357217580392e+01
9.490013357217580392e+01
9.490013357217580392e+01
9.490013357217580392e+01
9.490013357217580392e+01
9.490013357217580392e+01
9.490013357217580392e+01
9.490013357217580392e+01
9.490013357217580392e+01
9.490013357217580392e+01
9.490013357217580392e+01
9.490013357217580392e+01
9.490013357217580392e+01
9.490013357217580392e+01
9.490013357217580392e+01
9.490013357217580392e+01
9.490013357217580392e+01
9.490013357217580392e+01
9.490013357217580392e+01
9.490013357217580392e+01
9.490013357217580392e+01
9.490013357217580392e+01
9.490013357217580392e+01
9.490013357217580392e+01
9.490013357217580392e+01
9.490013357217580392e+01
9.490013357217580392e+01
9.490013357217580392e+01
9.490013357217580392e+01
9.490013357217580392e+01
9.490013357217580392e+01
9.490013357217580392e+01
9.490013357217580392e+01
9.490013357217580392e+01
9.490013357217580392e+01
9.490013357217580392e+01
9.490013357217580392e+01
9.490013357217580392e+01
9.490013357217580392e+01
9.490013357217580392e+01
9.490013357217580392e+01
9.490013357217580392e+01
9.490013357217580392e+01
9.490013357217580392e+01
9.490013357217580392e+01
9.490013357217580392e+01
9.490013357217580392e+01
9.490013357217580392e+01
9.490013357217580392e+01
9.490013357217580392e+01
9.490013357217580392e+01
9.490013357217580392e+01
9.490013357217580392e+01
9.490013357217580392e+01
9.490013357217580392e+01
9.490013357217580392e+01
9.490013357217580392e+01
9.490013357217580392e+01
9.490013357217580392e+01
9.490013357217580392e+01
9.490013357217580392e+01
9.490013357217580392e+01
9.490013357217580392e+01
9.490013357217580392e+01
9.490013357217580392e+01
9.490013357217580392e+01
9.490013357217580392e+01
9.490013357217580392e+01
9.490013357217580392e+01
9.490013357217580392e+01
9.490013357217580392e+01
9.490013357217580392e+01
9.490013357217580392e+01
9.490013357217580392e+01
9.490013357217580392e+01
9.490013357217580392e+01
9.490013357217580392e+01
9.490013357217580392e+01
