-3.392079558802394246e+01
2.836349762274107178e+01
-1.850813866165484711e+00
-5.584635277596967029e+01
1.872098009404402887e+02
-5.259153524304604588e+01
2.779009007371620754e+01
-7.955931307825198928e+01
-8.200595768444637201e+01
-1.617028880587909043e+02
-1.384738117495684548e+02
-5.539268566132898997e+01
-1.239669464953518485e+02
-3.329931933568360591e+01
9.588411994922799408e+01
-1.087982397504807182e+02
-1.547699990646139270e+02
-1.674058829197353759e+02
2.029403268017004081e+01
5.306516621136815104e+00
-2.829770108133957507e+01
-5.414412938435582845e+01
-1.325675598690612560e+02
-2.656145431463530571e+01
1.808535426155669370e+02
2.460751093567782277e+02
2.059869316877606593e+02
-1.284165628530674326e+02
1.276508358976319926e+02
-4.697716751360150766e+00
1.642883173892919899e+02
6.122364705915308036e+01
8.292555125177473485e+01
-1.532297952086996986e+02
-7.818164064792959778e+01
-1.028972284566945348e+02
-1.677718360726098297e+02
-2.386686510979198772e+01
1.679973364762403776e+01
-3.059519548007104817e+01
1.143132275155094675e+02
4.184652847737645232e+01
-6.648958789997951158e+01
1.433303645943769880e+02
-6.604544632888749334e+01
9.513435893349500816e+01
1.224969532172093238e+02
1.377928729525850926e+01
-1.096274720736235508e+02
1.148238801519706556e+02
-4.642433900462869190e+00
-1.187630055659514170e+02
1.929817179461267429e+01
-7.745872379179085954e+01
1.176952193155699007e+02
-2.295362747518851165e+02
1.072930188179804958e+02
2.798166820756755158e+00
8.607792023637736634e+01
9.530990316022958098e+01
-5.175475985264186107e+01
-5.453379561242138607e+01
-8.683801111651996507e+01
-3.291160697364716015e+01
5.646958998724947065e+01
-1.057836542397001551e+02
6.263970614467650933e+01
-1.650001452899395815e+02
-6.223770807117345782e+01
1.248231264252084713e+02
-3.077151660570759617e+00
1.633109015814470695e+02
1.137365251801713129e+01
-8.256884771842813109e+01
-2.275001741451222870e+01
2.125080887631909121e+01
-1.347846113060096798e+02
6.591401773942808973e+01
-9.414876906602732731e+01
-6.426021548117672921e+01
7.826736782049030694e+01
1.547498220711404713e+02
2.605928140104877855e+01
1.640934253719784408e+02
-6.040427650790105218e+01
1.750297140528726345e+02
-1.318856883307276462e+02
1.693552940351428333e+02
-6.127945615416731329e+01
3.306996829092909707e+01
1.842382372181558026e+02
5.194283612180692344e-01
-1.383484635710370867e+02
9.293629505757650122e+01
-1.108175001333544287e+02
-1.988782236342238434e+02
1.183180436248249379e+02
-1.478885080007689794e+02
-8.637127448303692745e+01
8.099208626254008436e+01
1.867655681133657879e+02
-8.313162656538403894e+01
3.934802193624278743e+01
4.499958888320146855e+01
5.942920672948938687e+01
3.431229404913359105e+01
1.228039925942012900e+02
2.431387501459821721e+01
-1.837502302998911432e+02
7.555082319989264761e+01
-1.057926538753919345e+02
5.867874055199320793e+01
-7.692455051560502000e+01
5.915384851586129855e+01
-1.912248875425780454e+02
-1.664906579820169839e+02
-1.100563368057967040e+01
3.621586682483034281e+01
1.916234979158246574e+02
3.366485968170081833e+02
8.532800790399041091e+01
-9.842127471290696406e+01
-1.328120755518655756e+02
-4.684412551908155820e+01
-1.884213849074647129e+01
8.423050268264152862e+01
1.170347084130571602e+01
-1.270944662659330078e+02
-1.206938552612358677e+02
-1.017747527445560820e+02
-1.349752326981556223e+02
1.673424689901368012e+01
-1.514136342072380614e+01
-1.067626076908856447e+01
-1.442842937056347239e+02
7.020744459817230165e+01
-1.107502221759278171e+02
2.661990566403245140e+01
7.591825882465407460e+01
-7.846673391700376499e+01
-2.882104570147507872e+01
1.886758731267388498e+02
-5.334433873620201894e+01
-1.190606941410739239e+02
-2.236396881454105880e+02
2.701625690891962250e-02
4.308638438955457417e+01
-3.418156841526335370e+02
1.095724716739574589e+01
8.680082188394744946e+01
-5.932467448617314432e+01
2.869729230940596310e+01
-1.785041483052872593e+02
2.526705374926662557e+02
6.752936858109826801e+01
4.306059190893300581e+01
-1.534523023698083932e+02
-2.409891416768256249e+02
-5.813787064095910040e+01
8.113536863997934745e+01
-2.347256078108896986e+02
1.173116521082497599e+02
1.008497352807715828e+02
7.802059386064270541e+01
-7.447336017975587197e+01
-2.782837031633792435e+01
2.199067514694118586e+02
5.927103884151890867e+01
1.835266709774467131e+02
1.611330491358109782e+02
-3.840299921928040305e+01
2.710619452841452244e+02
-4.429117829067993739e+01
1.861239075078753729e+02
5.915925386886908655e+01
-7.442805994940448500e+01
1.262766776625353202e+02
-1.888318002270459601e+02
-1.106929746145345916e+02
-1.652173086694774611e+02
4.969188447603151815e+01
4.021110505057015416e+01
-5.177425490810215081e+01
8.041336064831199337e+01
-1.277025493732355130e+02
1.757337692455952833e+02
2.292821390287648740e+02
-6.657027757074146734e+01
-5.341452793992350934e+01
-7.685728463410441691e+00
1.067640699168129714e+02
1.754792399233647018e+02
1.973321045195526153e+02
9.749479261052609047e+01
2.710110306827271387e+01
-3.175073363924060743e+01
7.205673006369400468e+01
-2.347995166963746527e+01
-1.558672198489816765e+02
-6.712822577953393477e+01
-5.746000604417819346e+01
-3.908216209348264414e+00
-9.558700130003502693e+01
1.067991026543456172e+02
-6.065458928069812572e+01
6.824272544680582087e+01
2.185334010809295648e+02
-7.392896958124195805e+01
1.517359915060753792e+02
-5.883313852416054601e+01
7.300970115561597140e+01
-2.131842183550085323e+01
1.753760084733157214e+02
-3.220819248061260254e+01
1.928473303527961207e+02
-7.181961038942219488e+01
3.934702940616588762e+01
1.458683026852241653e+02
-2.776646738742391562e+01
-9.469523535779218548e+01
5.978423151360529175e+01
-1.427083067418076325e+02
5.351709569715448112e+01
5.465569890101296835e+01
1.471142377018523462e+01
-3.451405516785328587e+01
-3.458909033761464968e+01
1.517238827474830742e+01
1.228430688550806735e+02
1.215272626986456146e+02
-1.281629949869515883e+02
-1.325495396599680191e+02
-1.915216233143759794e+01
-3.053197188485599511e+01
-1.803382913860183479e+01
7.479682062855982849e+01
1.241114686319142351e+02
-1.066460821074387013e+02
1.440254419145790337e+02
1.425572750347507167e+02
-1.287369159475891820e+02
7.511850321259055718e+00
-7.231306786030539513e+01
2.104308632991535148e+02
-9.432193453880839229e+01
-1.545366532689348844e+02
1.073616489607474591e+02
3.485701628394725304e+00
-1.401018684256209212e+01
-1.352305214400574300e+02
3.754603120484269851e+01
1.493210286639039452e+02
-9.345037669817900294e+00
3.168374384614967454e+01
4.390217179013076176e+00
-1.184007523908318227e+01
1.371057692924285476e+00
-1.919550386596044689e+01
6.452811601528125607e+01
-1.045488115845480905e+02
-7.054163881270147840e+01
-3.230536530110637727e+01
-4.419111214419656619e+01
2.570099989118647699e+01
-1.718958659795361541e+02
