4.807574420258546866e+01
4.807574420258546866e+01
4.807574420258546866e+01
4.815067522005313805e+01
4.815645558296863982e+01
4.808110614572685648e+01
5.668464199847766594e+01
5.668464199847766594e+01
6.601354799471556589e+01
6.601354799471556589e+01
5.668464199847766594e+01
5.668464199847766594e+01
5.668464199847766594e+01
5.668464199847766594e+01
5.668464199847766594e+01
6.605457939139341761e+01
4.819486503108350917e+01
4.819486503108350917e+01
4.819486503108350917e+01
6.601354799471556589e+01
6.601354799471556589e+01
6.601354799471556589e+01
4.807574420258546866e+01
4.807574420258546866e+01
4.807574420258546866e+01
4.807574420258546866e+01
4.807574420258546866e+01
4.807574420258546866e+01
4.807574420258546866e+01
4.807574420258546866e+01
4.807574420258546866e+01
4.807574420258546866e+01
4.807574420258546866e+01
4.807574420258546866e+01
4.807574420258546866e+01
4.807574420258546866e+01
4.807574420258546866e+01
4.807574420258546866e+01
6.601354799471556589e+01
6.601354799471556589e+01
6.601354799471556589e+01
6.626990021702643219e+01
6.626990021702643219e+01
6.601354799471556589e+01
6.601354799471556589e+01
6.601354799471556589e+01
6.607041085661010982e+01
6.601354799471556589e+01
6.601354799471556589e+01
6.601354799471556589e+01
6.601354799471556589e+01
6.601354799471556589e+01
6.601354799471556589e+01
6.601354799471556589e+01
6.626990021702643219e+01
6.626990021702643219e+01
6.626990021702643219e+01
6.626990021702643219e+01
6.601354799471556589e+01
6.601354799471556589e+01
6.601354799471556589e+01
7.519486503108350917e+01
7.501354799471556589e+01
7.501354799471556589e+01
7.501354799471556589e+01
9.490013357217580392e+01
9.490013357217580392e+01
9.490013357217580392e+01
9.490013357217580392e+01
9.490013357217580392e+01
9.490013357217580392e+01
9.490013357217580392e+01
9.478506424239101591e+01
9.478506424239101591e+01
9.478506424239101591e+01
9.478506424239101591e+01
9.478506424239101591e+01
9.491859563501553509e+01
9.478506424239101591e+01
9.485250552318655082e+01
9.485250552318655082e+01
9.485250552318655082e+01
9.485250552318655082e+01
9.478506424239101591e+01
6.601354799471556589e+01
6.601354799471556589e+01
7.521617481767026447e+01
7.521617481767026447e+01
9.485250552318655082e+01
7.521617481767026447e+01
6.601354799471556589e+01
7.501354799471556589e+01
7.501354799471556589e+01
7.501354799471556589e+01
9.490013357217580392e+01
9.490013357217580392e+01
9.490013357217580392e+01
6.617991706964764376e+01
6.617991706964764376e+01
6.617991706964764376e+01
6.617991706964764376e+01
6.617991706964764376e+01
