3.017991706964763665e+01
3.017991706964763665e+01
5.720394224923462900e+01
7.477346333071253071e+01
7.477346333071253071e+01
7.477346333071253071e+01
7.488410787451697104e+01
7.488410787451697104e+01
7.488410787451697104e+01
8.419140997390337589e+01
8.419140997390337589e+01
8.419140997390337589e+01
8.787842158035617501e+01
8.799140997390337304e+01
8.787842158035617501e+01
8.787842158035617501e+01
8.971112204166711024e+01
8.971112204166711024e+01
8.971112204166711024e+01
8.971112204166711024e+01
8.971112204166711024e+01
8.971112204166711024e+01
8.971112204166711024e+01
8.971112204166711024e+01
8.971112204166711024e+01
8.971112204166711024e+01
9.034556065373062950e+01
9.034556065373062950e+01
9.034556065373062950e+01
9.034556065373062950e+01
9.034556065373062950e+01
9.034556065373062950e+01
9.034556065373062950e+01
9.034556065373062950e+01
9.034556065373062950e+01
9.034556065373062950e+01
9.034556065373062950e+01
9.034556065373062950e+01
9.034556065373062950e+01
9.034556065373062950e+01
9.034556065373062950e+01
9.161858578874551995e+01
9.161858578874551995e+01
9.161858578874551995e+01
9.161858578874551995e+01
9.161858578874551995e+01
9.161858578874551995e+01
9.161858578874551995e+01
9.161858578874551995e+01
9.161858578874551995e+01
9.161858578874551995e+01
9.161858578874551995e+01
