4.445483009777319694e+01
4.472047322261945368e+01
4.760244171066975127e+01
4.760244171066975127e+01
4.760244171066975127e+01
4.848672629265676193e+01
4.989214932512480516e+01
5.249311935830452569e+01
5.057117154670392978e+01
5.492520854948823938e+01
5.511134605134261477e+01
5.511134605134261477e+01
5.511134605134261477e+01
5.511134605134261477e+01
5.511134605134261477e+01
5.533196398794262905e+01
5.533196398794262905e+01
5.533196398794262905e+01
5.533196398794262905e+01
5.614994138656368250e+01
5.614994138656368250e+01
5.614994138656368250e+01
5.842995275069679195e+01
5.842995275069679195e+01
5.842995275069679195e+01
5.842995275069679195e+01
5.842995275069679195e+01
5.842995275069679195e+01
5.842995275069679195e+01
5.842995275069679195e+01
5.842995275069679195e+01
5.842995275069679195e+01
5.842995275069679195e+01
5.842995275069679195e+01
5.842995275069679195e+01
5.842995275069679195e+01
5.842995275069679195e+01
6.027571138348876190e+01
6.027571138348876190e+01
6.027571138348876190e+01
7.255734594223550005e+01
7.255734594223550005e+01
7.255734594223550005e+01
7.255734594223550005e+01
7.255734594223550005e+01
7.255734594223550005e+01
7.255734594223550005e+01
7.255734594223550005e+01
7.255734594223550005e+01
7.255734594223550005e+01
7.255734594223550005e+01
7.255734594223550005e+01
7.255734594223550005e+01
7.255734594223550005e+01
7.255734594223550005e+01
7.255734594223550005e+01
7.255734594223550005e+01
7.255734594223550005e+01
7.255734594223550005e+01
7.255734594223550005e+01
7.255734594223550005e+01
7.255734594223550005e+01
7.255734594223550005e+01
7.255734594223550005e+01
7.255734594223550005e+01
7.255734594223550005e+01
7.255734594223550005e+01
7.255734594223550005e+01
7.255734594223550005e+01
7.255734594223550005e+01
7.255734594223550005e+01
7.255734594223550005e+01
7.255734594223550005e+01
7.255734594223550005e+01
7.255734594223550005e+01
7.255734594223550005e+01
7.255734594223550005e+01
7.255734594223550005e+01
7.255734594223550005e+01
7.255734594223550005e+01
7.255734594223550005e+01
7.255734594223550005e+01
