1.188393374472019701e+02
-2.196243448584649016e+01
4.135955873318096110e+01
1.149968851784796016e+02
1.003702898098478968e+01
2.833966527046055717e+01
7.690331084998072697e+01
1.652115828552026500e+01
-3.190570501573228057e+01
1.239618173504679248e+02
1.184618959877334987e+01
-4.884061396439937397e+01
-3.879332877498673326e+01
-4.165470111734687464e+01
8.239266917630553166e+01
1.446222318963835676e+02
3.837232512926572525e+01
7.523497481916089669e+01
-9.581013338854531014e+01
3.806768770011473180e+01
-7.769409569182519704e+01
5.388964016832328241e+01
-5.733201859921787502e+01
-1.018112282734368819e+02
3.239927828454580805e+01
-6.394432481175415717e+01
-1.028301693090438391e+02
4.958491584856595580e+01
-3.031003511201961942e+01
-3.568261038238358651e+01
3.861978956632809457e+01
8.704089989524678828e+00
-7.691079595542813507e-01
8.116286066028237656e+01
-6.087613156074500864e+01
2.440009118419130374e+01
3.283625304261839517e+01
-8.748657660638183842e-01
8.244704276327389891e+01
-6.272669286860801208e+01
-5.639897155309220977e+01
-3.814869861934316475e+01
1.234118142229286264e+01
3.723129444937997334e+01
5.892233007446087356e+01
3.687026730471927038e+01
5.915709093625981296e+01
6.011153225742383199e+01
6.454743483341630395e+01
3.356517625194614141e+01
-1.499763146634579059e+01
5.667449576239008024e+01
-9.171085108439584133e+01
2.953055226123550270e+01
2.025902341006841567e+01
-4.317202016856609958e+01
-1.641491896303241305e+01
7.755386608740828080e+00
1.369100933199149495e+00
-2.147492668236078117e+01
-4.790247304956508856e+01
-1.572759450450231711e+01
6.471903861235387012e+01
-6.641929013696330486e+00
5.094183137923189975e+01
5.798862285499384939e+01
-3.942126071918539765e+01
-1.118724154219248419e+02
3.059901944639370086e+01
-6.724242276150857833e+01
-1.276580814073947323e+01
3.601358764581371474e+01
-2.806243219584215609e+01
4.149851157305374727e+01
-8.201821569624252106e+01
-8.441137916346858105e+01
-5.326052069287635504e+01
7.502210682047127932e+01
-2.097096236769122157e+00
-3.263280199837072360e+01
-4.462476458102483434e+01
7.022924126761367347e+01
-1.067608623416264919e+02
7.103882778400925702e+01
-5.101052518946178793e+01
7.940625305980867665e+01
-2.963078498668606642e+01
1.206601738215825179e+02
6.229502330204775262e+01
5.991449083770466189e+01
-4.798867202918536634e+01
1.871255807733097853e+00
-6.614888959136855817e+01
-1.469671294980615528e+01
7.793348271338547306e+01
6.498549044848884648e+01
-2.314031339186600977e+00
-1.861294461751413820e+01
4.935611086235355316e+01
4.841542015394013987e+01
-5.535293588659750696e+01
-8.573885181237673692e+01
4.973024898175848563e+01
-9.563826339264444698e+00
1.338311529612284971e+02
-5.470992493884187624e+00
-1.277751254476579845e+01
6.520541749722261216e+01
4.826567162651875265e+01
1.338814066725448981e+02
1.789972352638257291e+01
1.001535103198539645e+02
3.389923719469592100e+01
7.870126584040487927e+00
8.467152152535534526e+01
-3.458551771400216523e+01
8.571269864395708282e+01
-9.547274328021066481e+01
5.200292680495966380e+01
-7.031172771234273000e+01
-5.380417205445649387e+01
-2.449991491210550265e+00
5.753491308982508201e+01
-4.947921999583885366e+01
8.564192762124450553e+01
5.612181135507529461e+01
4.966843964632306552e+01
-4.870220682961081593e+01
8.111777252982409436e+01
-1.072768623153977607e+01
7.257269059617622986e+01
-4.028484587600563316e+01
-4.952428840129455523e+01
-1.193129937985261080e+01
5.724944157600138084e+01
-9.889149045641329394e+01
-2.553353768478432073e+01
7.387753290572520370e+01
-5.550517951723557886e+00
8.466435813925747311e+01
7.233898905420629433e+01
-6.553429474926596754e+01
9.351542459616769776e+00
-3.823110713359930912e+01
6.421007246788414591e+01
1.230514995790048616e+01
4.004791909632971425e+01
4.085527815696252674e-01
5.286667740370322832e+01
7.284527880695026170e+01
-2.974825443372579414e+01
8.106942042741738419e+01
-5.753042348847863252e+01
1.863183970004687495e+01
-4.732724287568696298e+01
-4.879946660802437464e+01
8.404740744130816665e+01
-1.145668932565723850e+02
-2.412198308326735230e+01
6.670352596713088644e+01
1.677809169686019430e+01
9.879860866697455890e+01
-5.766241016370923944e+01
-1.196435801680051370e+01
1.593280336170395799e+02
-5.875125008834253038e+01
3.537043527422783740e+01
-1.655440501212701676e+01
-9.427352684307982145e+01
-5.613928309097225622e+01
4.577399495488840842e-01
-6.502218653708737861e+01
2.582582375369366900e+01
-9.673763842147408809e+01
2.705259886635688815e+01
5.406536344173007080e+01
2.915304674640937321e+01
-2.203147691092592808e+01
4.285985023316916909e+01
2.115784678728356738e+01
3.339811717464407081e+01
-1.020073564427093231e+02
4.235918836798678910e+01
-9.688839555269026960e+00
-6.469374995046190691e+01
1.369586201600533855e+02
-6.823078340761765048e+01
2.046886360302483965e+01
4.805834989104185695e+01
6.404317432594243087e+01
1.834290444265543485e+01
9.444122084554894059e+01
-8.143190674434535481e+01
-5.260082656956645764e+01
-3.967439352416388232e+01
-4.675546944829919482e+01
-2.942538214070238212e+01
-9.183464679779469009e+00
-3.931750292929059754e+00
-2.442387767337308446e-01
1.788273315859072454e+01
-4.717024232416352447e+01
-7.246746767136797018e+01
-2.838964544774237098e+00
1.756720480108171500e+00
-6.480986527337913117e+01
2.647065480019771400e+01
3.231009272073256255e+01
5.243317286232922925e+01
3.604185569542275402e+01
-7.402449875686545511e+01
-4.322568070293154108e+01
6.366797828716486407e+01
-2.155131837970223785e+00
8.877894315068175501e+01
2.307419516749057209e+01
-1.529798583291228908e+01
-6.969259108526124180e+00
-2.586092985455567472e+01
2.166509489199172833e+01
-9.530709370536337133e+01
-1.491714527530289445e+02
-4.792140813957958301e+01
-2.534464729911050540e+00
1.231409754794519174e+01
5.934083181321019396e+01
5.061319804979930836e+01
3.887435895744587100e+01
7.753104259493126449e+01
-1.967680232919623222e+02
1.889409761044181835e+01
1.119188248800044505e+02
3.140749527580739908e+01
-5.590561762254205291e+01
1.039990582089397009e+01
-2.195197688246889101e+01
6.840621244047068217e+01
-7.527553371611209521e+00
8.776278427611870825e+01
-9.117798110867180128e+01
5.019624269403189487e+01
-1.756991892823552348e+01
5.537105574396309038e+01
1.334340636269620859e+02
-6.431532707581813213e+01
-2.117842082826835792e+01
-1.236925775387772575e+01
2.152700676595977569e+01
-5.145729794391658629e+01
-5.455632102051192334e+01
3.753060173794386856e+01
8.391634103842193326e+01
-6.749177903565090730e+01
2.702204104056876233e+01
5.383334325827194533e+01
-5.928026149460863792e+01
-1.222947433294048665e+02
9.509919570320970195e+01
-4.059942731314454534e+01
-1.321907512137701701e+02
-2.757014820275047740e+01
7.419464581305160067e+00
7.179496540798733406e+01
-3.882896453681581050e+01
-8.926625966356249364e+01
