2.271638331842970260e+01
2.271638331842970260e+01
3.695111434716316268e+01
5.295931145096120929e+01
5.295931145096120929e+01
5.295931145096120929e+01
5.295931145096120929e+01
5.295931145096120929e+01
5.302567859239151460e+01
5.302949706598042923e+01
5.302949706598042923e+01
5.302949706598042923e+01
5.302949706598042923e+01
5.302949706598042923e+01
5.311538978861369742e+01
5.311538978861369742e+01
5.311538978861369742e+01
5.311538978861369742e+01
5.311538978861369742e+01
5.311538978861369742e+01
5.311538978861369742e+01
5.311538978861369742e+01
5.311538978861369742e+01
5.311538978861369742e+01
5.311538978861369742e+01
5.311538978861369742e+01
5.311538978861369742e+01
5.311538978861369742e+01
5.311538978861369742e+01
5.311538978861369742e+01
5.311538978861369742e+01
5.311538978861369742e+01
5.311538978861369742e+01
5.311538978861369742e+01
5.311538978861369742e+01
5.311538978861369742e+01
5.311538978861369742e+01
5.311538978861369742e+01
5.311538978861369742e+01
5.311538978861369742e+01
5.311538978861369742e+01
5.311538978861369742e+01
5.311538978861369742e+01
5.311538978861369742e+01
5.311538978861369742e+01
5.311538978861369742e+01
5.311538978861369742e+01
5.311538978861369742e+01
5.311538978861369742e+01
5.311538978861369742e+01
5.311538978861369742e+01
5.311538978861369742e+01
5.311538978861369742e+01
5.311538978861369742e+01
5.311538978861369742e+01
5.311538978861369742e+01
5.311538978861369742e+01
5.311538978861369742e+01
5.311538978861369742e+01
5.311538978861369742e+01
5.311538978861369742e+01
5.311538978861369742e+01
