3.938687189361193219e+01
3.938687189361193219e+01
4.837959913428284864e+01
4.837959913428284864e+01
4.837959913428284864e+01
5.717399989261954829e+01
5.717399989261954829e+01
5.717399989261954829e+01
6.639788117912030430e+01
6.639788117912030430e+01
6.639788117912030430e+01
6.639788117912030430e+01
6.639788117912030430e+01
6.639788117912030430e+01
6.639788117912030430e+01
6.639788117912030430e+01
6.639788117912030430e+01
6.639788117912030430e+01
6.639788117912030430e+01
6.639788117912030430e+01
6.639788117912030430e+01
6.639788117912030430e+01
6.639788117912030430e+01
6.639788117912030430e+01
6.639788117912030430e+01
6.639788117912030430e+01
6.639788117912030430e+01
6.639788117912030430e+01
6.639788117912030430e+01
6.639788117912030430e+01
6.639788117912030430e+01
6.639788117912030430e+01
6.639788117912030430e+01
6.639788117912030430e+01
6.639788117912030430e+01
6.639788117912030430e+01
6.639788117912030430e+01
6.639788117912030430e+01
6.639788117912030430e+01
6.639788117912030430e+01
6.639788117912030430e+01
6.639788117912030430e+01
6.639788117912030430e+01
6.639788117912030430e+01
6.639788117912030430e+01
6.639788117912030430e+01
6.639788117912030430e+01
6.639788117912030430e+01
6.639788117912030430e+01
6.639788117912030430e+01
6.639788117912030430e+01
6.639788117912030430e+01
