3.446916386641894547e+01
3.446916386641894547e+01
4.070060846627266216e+01
4.070060846627266216e+01
4.079160884080400251e+01
4.473495618115271810e+01
4.822481948287201448e+01
4.877541913839635157e+01
4.877541913839635157e+01
4.932704408854740308e+01
4.932704408854740308e+01
4.932704408854740308e+01
7.293535509120377469e+01
7.357176846669277381e+01
7.650458293895984241e+01
7.650458293895984241e+01
7.650458293895984241e+01
7.650458293895984241e+01
7.650458293895984241e+01
7.999526342696809422e+01
7.999526342696809422e+01
7.999526342696809422e+01
5.027631735112904465e+01
5.027631735112904465e+01
5.027631735112904465e+01
5.027631735112904465e+01
5.027631735112904465e+01
5.488593190604414929e+01
5.488593190604414929e+01
5.488593190604414929e+01
5.488593190604414929e+01
5.488651331969271752e+01
7.685757745367904192e+01
7.685757745367904192e+01
7.816183152424449077e+01
7.816183152424449077e+01
7.816183152424449077e+01
7.816183152424449077e+01
7.863315851893159447e+01
7.863315851893159447e+01
7.863315851893159447e+01
7.863315851893159447e+01
6.008594839029627366e+01
6.008594839029627366e+01
6.057026523997234335e+01
6.057026523997234335e+01
6.057026523997234335e+01
6.057026523997234335e+01
6.057026523997234335e+01
6.132543764825235399e+01
6.132543764825235399e+01
6.132543764825235399e+01
5.481955241247397481e+01
5.508811683316219643e+01
5.508811683316219643e+01
5.527463959849924890e+01
5.527463959849924890e+01
5.527463959849924890e+01
5.562321993190050762e+01
5.562321993190050762e+01
5.562321993190050762e+01
5.562321993190050762e+01
