4.643478647697297390e+01
4.643478647697297390e+01
5.911562687774308245e+01
5.911562687774308245e+01
5.911562687774308245e+01
6.979244924846072706e+01
6.979244924846072706e+01
6.979244924846072706e+01
6.979244924846072706e+01
6.979244924846072706e+01
6.979244924846072706e+01
6.979244924846072706e+01
7.001635922487096764e+01
7.365376878329000476e+01
7.365376878329000476e+01
7.365376878329000476e+01
7.365376878329000476e+01
7.365376878329000476e+01
7.365376878329000476e+01
7.365376878329000476e+01
7.534179562457117640e+01
7.534179562457117640e+01
7.534179562457117640e+01
7.534179562457117640e+01
7.534179562457117640e+01
7.534179562457117640e+01
7.534179562457117640e+01
7.626993997135670611e+01
7.626993997135670611e+01
7.626993997135670611e+01
7.626993997135670611e+01
7.626993997135670611e+01
7.626993997135670611e+01
7.626993997135670611e+01
7.626993997135670611e+01
7.626993997135670611e+01
7.626993997135670611e+01
7.626993997135670611e+01
7.626993997135670611e+01
7.687693194570522337e+01
7.687693194570522337e+01
7.687693194570522337e+01
7.687693194570522337e+01
7.687693194570522337e+01
7.687693194570522337e+01
7.687693194570522337e+01
7.687693194570522337e+01
7.696953610535071277e+01
7.696953610535071277e+01
7.696953610535071277e+01
7.696953610535071277e+01
7.696953610535071277e+01
7.696953610535071277e+01
7.696953610535071277e+01
7.696953610535071277e+01
7.696953610535071277e+01
7.696953610535071277e+01
7.696953610535071277e+01
7.696953610535071277e+01
7.721085715054394427e+01
7.721085715054394427e+01
7.721085715054394427e+01
