6.327691114214141521e+01
8.693322165767624199e+01
1.440558799494974664e+02
-8.957336709157040389e+00
3.072416027103862746e+00
-1.210440848266235889e+02
4.995887692389963775e+01
-1.777469373464423654e+02
3.018648296523295471e+00
-1.145711142429989167e+02
-1.587640520819516894e+02
-1.552242097927096864e+01
-1.880509473457988747e+02
4.414192934323366302e+01
-1.421766458943261213e+01
9.902046060279730000e-01
-5.837401215376684149e+01
-2.243278007954305764e+01
-3.546957154387565225e+01
-1.065002360121646348e+02
5.056269729225459741e+01
7.438129658323907734e+01
-4.237531827737651469e+01
-6.186580550424331193e+01
-3.099846407589436836e+01
-2.736837452386777159e+01
1.609520455141952766e+01
-1.358070626120050406e+01
1.898927360475226322e+01
-1.085991918858051832e+02
-3.979400389013838435e+01
9.109895309693169452e+01
1.250846920753005236e+02
-8.880567606083708654e+00
-8.577244439568480061e+01
-1.218763511753597015e+02
9.081935540448355937e+01
4.246769127405236333e+01
-7.326384841742812171e+01
6.484139463852649499e+01
-8.667376903125831689e+01
1.035724446640813881e+02
4.220944435427500707e+01
2.157616762425189805e+01
-5.295926577267987767e+01
-5.872548926023927862e+00
3.707626044074282845e+01
1.083410276102210048e+02
-2.523293572556480768e+01
-5.755417605282399052e+01
4.540349289275435041e+01
5.916351265011768135e+01
-4.964294258105725532e+01
3.821802321425863624e+01
-4.513980665920016122e+01
1.063554083083966191e+02
-7.161288973154799464e+01
-1.378341546044284200e+02
6.052881691631455396e+01
-9.307518293001331244e+01
5.582587562785255386e+01
1.730951280943159247e+02
5.317883361385503882e+00
2.239910452909308347e+01
8.905979915252383705e+01
9.825076000304090940e+01
1.302749328992577738e+01
-1.438235522643068975e+01
-3.460327445180887906e+01
-1.541245539439211143e+01
3.385508300445127361e+01
1.473506862655914063e+01
4.113212873631347577e+01
4.119488713055368123e+01
1.060853689042614576e+02
1.464131881754658870e+01
-1.273425583605839790e+02
-1.698008113514901041e+01
3.426035574894328306e+01
-2.104209409509525841e+00
3.348239032566162621e+00
2.031003516412032184e+01
-1.171487478869816243e+02
1.672802904026124793e+01
-1.077490645867875685e+02
6.532133523796645136e+00
3.968010793200849662e+01
-5.504676070788620734e+01
9.017669226035084762e+01
-4.034725521903281731e+01
-4.833123458307470344e+01
-1.606179160729413411e+02
4.584998463632124555e+01
-1.092507356601553852e+02
1.863706971013668579e+02
-8.379068412331776017e+01
-1.250010685148239133e+02
1.003798554513353167e+02
-3.811444108834112399e+01
-5.095689951500418857e+01
4.507830881155275904e+01
-4.467200939161492101e+01
-1.566835824906221575e+01
-2.500006176037539376e+02
-1.110205445440341521e+01
-5.443196811252540357e+01
-1.597608232350426372e+00
1.242334748056307205e+02
-1.573510466343812482e+02
1.028076119193898137e+02
-3.467822554492206422e+01
-2.015363208249329148e+02
1.110744892781975039e+02
-4.344439300831442097e+01
-5.129087589097660072e+01
1.033588349291140673e+02
-1.175455655791102174e+02
5.004999987817120655e+01
-1.781035245862564054e+01
9.580124827650951147e+01
-1.182275775186453757e+02
-9.084491511482093529e+01
2.458638130614254536e+01
-2.658297824383889463e+01
-1.386743301682482610e+01
-4.888958462862863286e+01
3.933016534248501728e+01
2.981354773081989151e+01
1.256970682396003269e+01
1.740290408988409609e+01
-6.113006460389232188e+01
5.491020853873816066e+01
7.513003019600219545e+01
-4.495889054273246899e+01
-3.405608838049265330e+01
2.485952268783623964e+01
6.878318492414317475e+00
4.985073061570753339e+01
-1.386687526209091281e+01
1.270380844034689716e+02
-7.903805932948299073e+01
1.204206212059497361e+01
3.556186378913417201e+01
-1.303664622599957568e+02
9.187023078847312263e+01
-1.479856176016044742e+02
7.992440181362619001e+01
-3.993186548641277511e+01
5.469713794107812532e+01
8.484896769983119214e+01
2.816037490367867235e+01
1.780017276833053330e+01
-8.652927263984254580e+01
-1.287145939286519365e+02
-9.047034157449652980e+01
-2.911503227616853096e+01
7.074022465576192076e+01
6.441303916550123176e+01
-1.133216729011181627e+02
6.719133618798369412e+01
1.074821478137947963e+02
-1.077411250944708456e+02
-1.016917458483957404e+02
1.349805300755789972e+02
6.283033090386719266e+01
-4.115360285729144607e+01
3.342869621353320753e+01
5.906184857579800962e+01
8.121068635853271189e+01
6.665574501601588508e+01
-1.223970804241847077e+01
-1.618849796094905003e+01
1.913839436870875943e+01
3.348543039730234483e+01
-4.666527429301368102e-01
-3.295785673338698984e+00
-1.362401370075287943e+01
7.405555074744800237e+00
1.100092635265642684e+02
2.715071927720699207e+01
1.353030366812271836e+02
-6.205157472334515489e+01
1.438936565004066637e+00
-1.535598719773286405e+02
-9.223136025709435160e+01
1.743432357660074672e+01
8.472314583268526178e+01
1.118237553931388391e+02
2.170880627459884948e+01
-1.498786965654115022e+01
-2.408859864045781762e+01
-3.464929430264832888e+01
-1.736952475712740807e-01
-1.251610993226304203e+01
4.814068068426584546e+01
7.538994978758887555e+01
-1.056004979821017145e+02
8.737157404027912833e+01
-1.012763186906191919e+02
-1.953657903656591088e+02
-6.648660361697443122e+00
5.457446912807824901e+01
8.909721898140000462e+01
-1.411376302208975346e+02
-3.495939391832822452e+01
-2.144924114524743075e+01
-4.896461293765928957e+01
-5.008017573096687158e+01
7.532520787972282506e+01
-1.076448589088741983e+02
-1.482884713817782085e+00
8.013766768499570503e+01
-2.097805870003001516e+01
-4.846638931861839694e+00
1.190759240690300942e+02
2.093828734019142246e+01
1.775009217423730377e+02
-1.269541410172599853e+02
-9.997362040483118051e+00
8.376122615766016111e+01
-2.564221191439009928e+01
5.738269523389001847e+01
-6.878911247743600654e+01
1.446676035117000083e+02
9.030494143458486889e+00
-2.030871053217848754e+01
-1.002364809436456312e+02
-4.948389507573951818e+01
1.327645709077319509e+02
3.587312517947238888e+01
2.157481860622507668e+02
-1.388427350842032126e+02
5.548631814648815919e+01
7.273761680728233614e+01
-8.731802024690132669e+00
4.383461518345626473e+00
2.807600398854549084e+01
3.374598508834080235e+01
-4.845276271535870194e+01
8.223233480045809785e+00
-1.183486276049774801e+02
-6.547857559715396292e+00
8.523547205350551792e+01
-2.507128515465603158e+01
-1.382208443140424237e+01
-1.372092307171885182e+02
1.687806907599069106e+01
1.214992465231640040e+01
1.442897690319777659e+01
2.004927786272430268e+01
-1.544891081901853624e+02
-5.460706166497192271e+01
-4.470976248649299123e+01
1.204680726272561913e+02
1.701655177133209236e+02
-3.896008240073558682e+01
1.786925023013036906e+01
1.871839666695476367e+01
-3.474230612202348567e+01
8.478456145612905459e+01
1.400799784548224736e+01
-2.373016638983598980e+01
-1.953494664080402288e+00
6.546243796475782517e+01
-5.749777894748170581e+01
