7.743421177759009311e+01
-1.384533956251899554e+02
1.033326821298790037e+02
-8.738505654618657559e+01
3.360582851441910890e+01
-1.064734997730399613e+01
-1.032197216925780054e+02
-1.074126227919249459e+02
-1.493749339747099327e+02
7.396221541621983420e+01
-8.574050508820887728e+01
9.477424071420675489e+01
-1.370025426316581907e+01
1.477451216118003003e+02
1.501375035429570346e+02
4.078895761339644821e+01
2.318827798050976696e+01
2.024182668118969275e+01
-5.294626381389767289e+01
-7.053883128928697488e+01
9.725685093735799569e+01
8.070301294266343461e+01
1.179300853210064872e+02
1.086549741726815910e+02
-1.451464204281435855e+01
1.550700027581547431e+02
-1.004817758558870935e+02
7.553424761286478883e+01
1.423042181799127803e+01
-1.758845948053079269e+02
7.800532938163888730e+01
-2.939732995732713761e+01
-1.112591764159802779e+02
-7.492917197037338894e+01
1.140643677599575767e+01
2.246545642105538576e+01
2.939738507476067753e+01
1.266216806978011107e+02
5.177191019906983627e+01
7.508187981970843339e+01
1.485248397545413468e+02
-1.691114656106201721e+02
-1.346496971503755447e+02
3.796501510186807593e+01
7.774340915372184213e+01
-1.157158929664038141e+02
1.060289314797029618e+02
-9.358710999930696062e+01
9.280785337460922335e+01
4.406772092164020904e+01
1.000391643321709125e+02
-7.295405668052981696e+01
-1.680046331887640179e+02
8.857035787682887928e+01
-9.740498868229741447e+01
-1.486429694195571116e+01
5.184367494529566045e+01
1.189543275554824930e+01
5.455787876585520735e+01
-1.798407807031243877e+01
-5.532507744729780086e+01
9.209207747655210596e+01
-1.053368554025743151e+02
1.909326130287681167e+00
-1.675566335392363726e+01
2.416354704626888150e+01
-4.939444914709554268e+01
-6.726622143642799756e+00
-1.957894207146887027e+02
-5.749204063668137188e+00
-1.462277504296364441e+02
9.998016196912907105e+01
-9.019744368135039281e+01
4.619824671167947372e+01
6.059602322474587055e+01
-3.334174534400933965e+01
2.846512175936290845e+01
8.459435918286573042e+01
1.197849585278930107e+02
5.460417832396866800e+01
-4.988785901670315326e+01
-1.239838501769204271e+02
-1.788698783238665158e+00
-9.615432869219192469e+01
1.620249928981996561e+02
1.255062913080017211e+02
2.945681213116534281e+01
-8.979030199517455912e+01
1.227999932621069057e+01
-1.296965267197255116e+02
5.732059155085916302e+01
-4.473356281357271769e+01
2.527520255793739352e+02
-7.027181712225056742e+01
1.703338702546943182e+02
1.472905438479292854e+02
-1.916751681384932056e+02
7.232604416887834020e+01
5.923727626941568758e+01
-4.097763640030533594e+01
-2.503068772028498046e+01
8.053833963316107258e+01
1.350286956828905431e+02
-1.519116767162986150e+02
-2.351851407959266638e+01
7.847311707160335459e+01
4.860166888263750451e+01
9.303229934965520442e+01
8.535884480565870547e+01
2.214226756911054679e+02
8.290512568822460793e+00
5.540852367689386426e+01
5.952526595320017577e+01
8.227204240521444945e+01
-1.526546105922955121e+02
-7.237182681589189315e+00
8.788565347187278576e+01
-3.325975837365128029e+00
5.644683473928996875e+01
7.733744413611762525e+01
2.055811803620275313e+01
-5.195364963534922254e+01
-1.172089442889153190e+02
2.083261311127550073e+02
-1.113968837349704017e+02
-5.585079086478533128e+01
-1.161090273728469811e+02
-6.001279270115864506e+01
5.052225801357034385e+01
1.312759015561901776e+00
-5.649887185265464495e+01
1.339937894856536218e+02
-5.681501506788221434e+01
1.174250357136430551e+02
-7.691859669371481800e+01
1.237940345167321397e+02
5.945845360005708358e+01
2.044552989652012229e+02
6.173741842308568550e+01
-2.815723199532171179e+02
1.397686769345216931e+02
-2.558691912483926671e+02
-6.510928005071363600e+00
-1.748395990915639686e+01
1.848194193619762871e+02
-3.042690154722221862e+01
2.107789193904234537e+01
-1.469851222273377402e+02
8.204799123786692405e+01
-1.686788090510234781e+02
1.126192904706264954e+02
5.746105451242446804e+01
1.737452502788287134e+01
1.087255376660038735e+02
-7.344937910836529227e+01
2.268228448121043073e+02
9.372824567983003874e+01
1.302326238946570243e+02
9.354096726040332044e+01
-1.426228417418734296e+00
6.477367723010418388e+01
4.179891176768245487e+01
-3.472007137175108227e+01
-6.791554047431533903e+00
5.665151595459821010e+01
-7.132433093342574182e+01
-3.739549456507359793e+01
-9.894117860523428476e+01
-4.366401377835166642e+01
-2.592847856484382874e+02
1.613613807677740226e+02
1.704339725719874252e+02
7.454719723047945479e+01
-4.253698534410364829e+01
1.369080806668233095e+02
1.373391858935656558e+02
-4.538864936496414515e+01
-8.093199556541846107e+01
2.439497040797622418e-01
3.107223944410200289e+01
1.129540630149410418e+02
-1.033256761401766965e+01
-4.538646967852978520e+01
-1.132665628682883892e+02
6.969179896457899304e+01
1.554921813771425434e+02
-8.463604970032065467e+01
-7.688221993131827503e+01
-5.467002907893858321e+01
-1.560531585076007275e+02
2.254162322731574619e+01
-4.978369729867237226e+01
1.869010122986016711e+02
-1.130676165725871840e+01
2.593645100755371757e+01
5.613049362474866300e+00
1.445567953484658119e+02
-4.218962313525959473e+01
-8.248247475445583632e+01
1.343865906213031280e+01
2.214951726483845817e+01
1.296912720483261978e+02
1.892341593021444339e+02
-4.277489572054400391e+00
5.987248305876496346e+01
1.902662197998849791e+01
-1.003354180082501159e+02
3.429476495528741964e+01
-1.154132304128311972e+02
-2.384020194260537906e+01
1.229066657535920939e+02
-3.099953885675971321e+01
1.482360264155704215e+02
-2.218965948295285884e+01
1.215127786105578735e+02
-2.308015087085824177e+02
3.916651653343567574e+01
4.514546600238275431e+01
-2.364784387694297862e+01
6.846206856825712350e+01
-6.858807440340820349e+00
-8.462422600403127149e+01
7.500524843427837141e+01
7.065715496856383027e+01
7.479502942715535596e+01
-1.270768606533324316e+02
1.687908477411108379e+02
-5.888948718321943687e+01
-5.329438021731638742e+01
4.638431940266104192e+01
2.268598577721360812e+02
-5.694800062239475835e+01
3.019496721584815191e+01
5.718230472212342264e+00
-4.392955152023446885e+01
-1.108156176072020855e+02
-1.881821236144881482e+01
7.540407598866036665e+01
2.476224207493617371e+02
7.205596352384603165e+01
-2.184662920103641781e+01
-5.550220082735312843e+01
8.544082395834728061e+00
2.622786057088719076e+02
8.881779544004896820e+01
9.358888823979279437e+01
5.606958635604605945e+01
-1.431356120520809405e+01
-2.238737608441997651e+01
-1.528648109963058488e+01
-7.344203408175209802e+01
8.704509467468268724e+01
5.885816626543609686e+01
1.404187809714304649e+02
1.096440521772850119e+01
-1.630955462215474370e+02
3.690048799014671488e+01
-6.338697405304192500e+01
1.780661790241323672e+01
-9.018738862235539955e+01
-1.031188942811297409e+02
8.862721226227680660e+00
2.285795896728824061e+01
-9.362074299667470711e+01
-7.289403023581189700e+01
