2.218718055841401693e+01
-5.030027875800403336e+01
1.707599175846891910e+02
1.469311001404145145e+01
-9.825789674630885884e+01
-2.340762519592955755e+02
-9.057097423230423772e+01
1.598505997497293265e+02
2.988047074449361844e+02
-4.884793483609070819e+01
3.937965810648091747e+01
-1.112982306088652678e+02
9.335045726142647027e+01
6.947260562010717422e+01
-1.514988064063243201e+02
-3.211256781087445233e+01
1.410500273042565880e+02
-4.894668704999123321e+01
3.299840791210173307e+01
-1.056678244290649644e+02
-1.651719584926132143e+02
9.432994677521105586e+01
-2.258753851728378095e+02
-2.492059057296075366e+02
-1.573654355057264809e+02
-7.441775863094521526e+01
-2.793657547020514471e+02
1.556885680864413501e+01
1.823052557653357724e+02
1.189290499885536576e+02
2.298913121520893199e+01
5.488953467640750006e+01
-2.163996448891975888e+01
-1.034396857578466467e+01
1.156259438495986132e+02
-6.489352716690930833e+01
8.400444770159143104e+01
4.785286442371715765e+01
-9.666915870586826998e+01
7.380798911961527153e+01
-8.213454743865487728e+01
4.948853437061879390e+01
-3.677579850849355694e+02
4.108319906871669502e+01
1.713269439516053296e+02
4.375835235094056941e+01
-7.388972514596360952e+01
1.463917584289687568e+02
1.718906132903393669e+01
2.197046514218511390e+02
-1.186135522671754643e+02
-6.963752678294204657e+01
1.163680081922855436e+02
1.006989447009699461e+02
1.524849984366239823e+02
-2.000558377073716372e+02
1.986901265419254230e+02
9.916978307341433663e+01
1.886125104855505867e+02
2.455274884065106562e+02
-1.827174596581160984e+02
-2.614907512069383984e+02
1.270011486550852169e+02
-5.564252318321969426e+01
-1.337484456781608628e+02
2.447533087818982267e+01
-4.247501958308752990e+01
-5.110613528560149632e+01
-1.049969756410557409e+02
1.076997303276536968e+02
1.460845756779267788e+02
-6.983093081159978510e+01
7.069751555863459203e+01
-2.495961352495419305e+01
1.800400868576719517e+02
-6.667154245092194742e+01
-2.941936592737716794e+01
-3.754060101174161446e+01
8.454993309889113462e+00
1.387094300803816793e+00
-2.318319674459404567e+01
6.570089411675246538e+01
-4.689466449528630676e+01
4.373875881378353370e+00
-1.465453761484276072e+02
-1.151752857309897422e+02
3.608503788328457063e+01
2.859050105387227063e+02
-4.616640491484618281e+01
-1.396685254247098555e+02
-3.604853466015612184e+00
1.104436661905711787e+02
1.936656348528580338e+02
1.308220657191868952e+02
-2.517951519872377446e+02
-1.148788970652261696e+02
-1.444421535545812390e+02
2.212141200285583764e+01
-1.419364071287171214e+02
-9.104848656652819727e+01
8.947742661729409974e+01
9.925479975969614088e+01
-1.652385840388885470e+02
1.500630343772012907e+02
-8.585781078206804295e+01
1.881474832203923029e+02
1.835504084333901744e+02
1.803771891898646516e+02
-2.531724847446639330e+02
-1.563591869592455623e+02
3.033878393872605628e+01
-6.550383493661984247e+00
2.932890371353323644e+02
1.944401504251538526e+01
1.452411936931345053e+02
2.380182963834549810e+02
-1.457773892283414341e+02
-6.473910327345866733e+01
-7.729604278429283681e+01
1.043230709457081957e+02
-9.750886736694619117e+01
8.926695420393220104e+01
-7.133469373445949202e+01
2.358568564406426304e+01
-5.021938920918674398e+01
-2.675540677754333174e+01
2.046560950547878406e+02
-1.071710326974941836e+02
1.141934368043065149e+02
1.526621683837187504e+02
-7.142961452248293597e+01
2.605177637514373714e+02
-6.266230927181348420e+01
-1.581990607150706865e+02
-1.234577282279328188e+02
5.091397349175240805e+01
-1.177811982082663320e+02
6.467740394550244787e+01
2.096928160571038973e+02
-1.005054183543477677e+02
1.095097950323935692e+02
-2.945098961653210381e+02
1.705150833847608283e+02
-1.559231504103806856e+02
-5.755013705719143502e+01
-1.043339305280257321e+02
7.139375374918151351e+01
-2.010828396966592635e+01
-6.093991437290573998e+01
1.325863826787336848e+02
2.129381447920488668e+00
3.016894997180868288e+01
6.173054336642428552e+01
1.361848722545196892e+02
-4.285185817214515680e+01
1.325459488924594780e+02
2.319136754721219873e+01
-9.845503416849902578e+01
1.038648030574049983e+02
-1.319068826157541139e+02
2.513789255721623661e+01
3.246809786000993654e+02
8.966737883638269579e+01
-1.702833963418391079e+02
-1.408117659813107991e+02
2.333802052877086197e+00
-1.534030431290863703e+02
-9.883398160449381464e+00
-1.209430180179715464e+01
1.948356571023588231e+02
1.495595954414589528e+02
-1.016162073509704413e+02
6.372483780661416830e+01
1.201654126781112666e+02
2.127389997830597679e+02
-1.137806183475766204e+02
-2.077803947707966614e+01
1.017807121964729475e+02
-1.143279213324288719e+02
2.241125970805970837e+02
-3.501550317762942655e+01
5.982573630559762989e+00
-1.277294174588065800e+02
-2.285730680452153365e+02
-3.017056975838762582e+02
-2.115700555668061611e+02
-1.679645490700573873e+02
9.083372123859881242e+00
1.187741312135040062e+02
1.978438645166243646e+02
-3.365892071390099716e+01
-9.337489633115703214e+01
1.318966218644665034e+01
-1.552035415182521660e+02
-2.962479356767402194e+01
-1.284587163150696369e+02
1.898302519374451549e+02
2.889158825070220971e+01
-1.079459640922515575e+02
-8.594835116995463409e+01
-1.600583053706133398e+02
8.517278716697131813e+01
-5.144240067894219237e+01
-3.680740089073289312e+01
1.892049660412663172e+02
1.527477465907445549e+02
9.429899086169703537e+01
3.267987094091121492e+01
-2.391354045728741085e+02
-4.704164305652643918e+01
-1.749647309484287234e+02
-1.361456631134111817e+01
7.226136772487997462e+01
-1.473582537248996083e+01
3.388978499095217245e+01
9.654607226292922917e+01
6.743012229489329457e+01
-7.597086676551347750e+01
1.384715356959431176e+01
-5.944130856598906121e+01
1.121606797223105474e+02
-1.063325276277135174e+02
1.462826261227511111e+02
-4.775998730299085793e+01
1.050902901023226264e+02
-3.271202411173033653e+01
9.105260678206214209e+01
4.266183565002990008e+01
1.004422480094506653e+02
1.566315232681423595e+02
9.433620619914336203e+00
1.178563017081554136e+02
4.899385841194185076e+00
1.162185621950920620e+02
-1.683832017515183566e+02
4.521154189303936732e+01
-2.207162380325799802e+02
-2.125433970736630158e+02
-1.972312578516397252e+01
3.920417309483482171e+01
-1.215665506803448608e+02
1.812114215710852250e+02
-1.622670001863941280e+01
-1.499778826205729843e+02
-1.311362120828319888e+01
3.137091509415761337e+01
-3.694098223099044986e+01
1.046130945072264069e+02
-2.645944503409070059e+00
7.106694970168004488e+01
2.007868172952371708e+02
-2.711333773545040771e+01
4.882040535986693186e+01
1.535680665552038420e+02
-9.054953472953768312e+01
9.408684957575275121e-02
-3.116552139356938511e+01
8.572088087734466910e+01
1.948583260549107621e+01
-2.648818577988225229e+02
-3.516510690086797695e+02
-7.843597369566035127e+01
9.683917859737525191e+01
-1.548364172149839533e+02
-2.783511299114156046e+01
