-4.303468537585415277e+01
2.152739317686889251e+02
2.522762455598195430e+01
-1.578594230248941983e+02
1.864262867614771153e+02
-5.980850339514033465e+01
1.407153601340454827e+02
5.186401173313966950e+01
-5.453387833546372576e+01
2.561019879446194381e+01
-7.445256320453309229e+01
-5.203363297681830346e+01
-1.639646201324613628e+02
7.976725013445324031e+00
-1.238548010515694955e+02
-5.048275921987850268e+01
6.378061132590886473e+01
1.402728117302950466e+02
-1.014400347291934850e+02
-1.638247333512791926e+01
1.091145125643897806e+01
3.135348903010822497e+01
-2.515512619239748915e+01
-8.087336316082993903e+01
7.666229453115883530e+01
-2.645490666388185730e+01
-5.313561503707160405e+00
-1.567176581237040445e+01
2.621300535586374991e+01
-5.519342046737465068e+01
4.529486011538821799e+01
4.772364510894021805e+01
6.176179551580445093e+01
1.370956520890892705e+00
-3.479240369876220029e+01
2.252596505489946423e+02
-1.957310401121152381e+02
-5.044797661904866004e+01
-1.159152074152484175e+02
-2.237621947234596576e+01
2.342954494156586520e+01
3.500214934389359911e+01
7.562712264748482482e+01
6.638005825273995697e+01
-4.157349788238185795e+01
1.144218702231996048e+02
6.874357177128399599e+01
5.912123715958699677e+00
-5.714850737154201710e+01
-4.071299029657712509e+01
8.424606361609805560e+01
-6.083844791600046875e+01
-2.104259772276653351e+01
2.185494840848581362e+02
5.630085714198500568e+00
-5.607970011723514148e+01
7.336990207505981232e+01
4.169408413239678701e+00
3.471728394915358962e+01
-9.248386145844501982e+01
1.083938762229028185e+01
-5.573255142506459947e+01
1.570299536133109086e+01
2.198658791776155113e+02
8.854390516468917838e+01
1.489443969707311410e-01
-5.657444412665979883e+01
-3.217557804527545784e+01
1.257663585661916805e+01
1.037549231369728204e+02
4.142771910846325767e+01
-7.011206290966640609e+01
-1.330254707694956551e+02
-7.626373331792768795e+01
7.686832317526874903e+00
-8.657772327002923873e+00
-2.787498382855967094e+01
9.014648417432398730e+01
-4.943535668117866066e+01
-4.668140164569082629e+01
-1.583906594759708071e+02
2.242482572605945279e+01
-6.522868705380311383e+01
1.193956849686424704e+01
-1.801553674583502413e+02
-5.759157626911314054e+00
6.698765463483900362e+01
-3.534960474213067982e+01
-4.918290303878933400e+01
-1.230928968493959985e+02
8.679126539650718541e+01
-1.629946410046271126e+02
3.365065059250265733e+01
-5.061713896560338100e-01
2.545953286934324922e+02
2.488117724602361580e+00
-1.629439387218294826e+02
-1.508945881866375771e+02
-4.745427415062926535e+00
4.666268973370187645e+00
-9.705723027179831774e+01
-8.411725035220191771e+00
-2.614114230012486928e+01
8.424311628840285948e+01
-1.931515807059645908e+02
-7.152170418545487962e+00
1.496892742629975537e+01
1.041275777019049826e+02
6.357003940686641386e+01
-1.053768646763877541e+02
-7.493648852403435967e+01
5.948619395616732675e+01
3.170918936089334039e+01
-4.268167215027402506e+01
1.459021755598365075e+02
-1.469970976083928917e+02
2.562696209305937600e+02
-4.772942749409812535e+01
7.921834622950738947e+01
3.672692914448731472e+01
-1.021193899639890823e+00
3.211037727791180174e+01
-8.607359011234278512e+01
-1.346006735825164071e+02
2.326506817005282102e+01
-1.588439857306197496e+02
-5.038465395452459461e+01
1.278282266379989522e+02
1.824984067429473100e+02
6.051881435996719460e+01
-5.648981293688313698e+00
-9.731516493414156344e+01
1.207301077264750546e+02
-8.557047100840128451e+01
9.352190606151785346e+01
3.414429288497405679e+00
1.269153031484137699e+02
-5.818688016249105743e+01
1.487671049694549197e+02
1.768225624225588604e+02
2.101873874323417368e+01
-4.107292893036640891e+01
1.191736536064155842e+02
1.073649563701665102e+02
9.946650181783840594e+01
9.635290296902429930e+01
-1.631941749067653120e+02
2.273543846745872941e+02
-3.785198715434650296e+01
-8.046754162893793705e+01
-1.136772547658218002e+02
-1.086596539502244667e+02
2.891879511049352658e+01
-2.740293916607310010e+01
-5.477351496921045282e+00
-1.207365939765590213e+02
-4.066806606290880666e+01
-1.998523834028411272e+00
2.132529621483206483e+01
1.336741289539050115e+02
-1.306630600006463396e+02
1.477410196875076736e+02
4.281075678826407227e+01
7.768572850595258217e+01
1.429029964575920530e+02
1.565663053337474651e+02
-5.160418568596119826e+01
8.581065584343889441e+01
1.699769754983623926e+01
1.637644299653035205e+02
7.704347742215621508e+01
-4.486267603234083623e+01
2.028848957670994935e+01
8.875209977858141031e+01
4.938287230957416796e+01
9.157132362074675314e+01
-8.320948510000722109e+00
4.094231591625674582e+01
-2.405199100933485212e+01
1.569096473717633273e+02
-6.687819845549070408e+01
-1.806976014343922543e+02
-7.313494486108240267e+00
3.216544707808576220e+01
-4.864061927400566532e+01
1.876430677135056868e+01
4.761808632822932452e+01
2.343905386476137664e+00
-1.611144611246816183e+01
-9.975066923857799850e+01
1.906381325149585493e+01
8.794744133890986859e+01
-1.125830679061478463e+02
-1.549854410613399693e+02
-8.893198731288214276e+01
-1.391113686078171838e+02
5.207048517848065217e-01
-6.524792300424230973e+01
-1.886772900915710238e+02
5.295708291489042097e+00
7.655104242781024482e+01
5.839279478177341787e+01
3.877040558366426382e+01
2.906731546809335764e+00
-4.667385046499938994e+01
2.289406864985417656e+01
-6.560406635841881950e+01
-1.337357822056159193e+02
1.432691491940080653e+02
7.139227361952025319e+01
-1.353472727324797233e+02
-9.677745629742889832e+01
1.460110036564234548e+00
1.052556664800354724e+02
-1.500547645518095408e+01
-1.343144503400109500e+02
-1.406063805356405112e+02
1.782502223264684105e+01
-9.015805378218045973e+01
-1.019081701521295891e+01
3.532129876583414330e+01
-1.914003134186231847e+01
5.587368669357688589e+01
7.863919483091386553e+01
-1.366342925369630423e+00
-1.555882592226299721e+02
-7.989258218881789730e+01
-6.128115680388788178e+01
-5.888943803494018425e+01
7.859294444192714835e-01
4.264734319277214070e+01
1.079476066004025903e+01
9.143271804981641537e+01
8.596560859732176141e+01
4.025280752205333101e+01
-1.507187614399745996e+02
7.508028330214847301e+01
-6.802212364796352517e+01
2.867801902985696216e+01
-6.654378681062178202e+01
-1.417691821746179244e+02
-1.772693058550364071e+02
-1.239514898280019395e+02
-4.299842384630739645e+01
9.609653085805514650e+01
-1.509873732997245952e+02
6.353620205649114183e+01
1.157786443293412475e+02
1.672769508160061314e+00
1.140404175055326164e+02
5.047219812730187982e+01
-1.471719718045480931e+02
2.180901574973574242e+01
4.155141095838821741e+00
1.532680141143622166e+02
-3.312990174049287617e+01
-2.174149306621630018e+01
4.422917156822313700e+01
3.716092198865546692e+01
-6.457848402695243806e+01
1.545041175292513813e+01
-6.124325028815520255e+01
7.515212347348378330e+01
-1.392330878712653544e+02
-1.140970722088728451e+02
