3.641679402855349679e+01
3.641679402855349679e+01
3.942968664265305279e+01
3.942968664265305279e+01
4.641114479369637280e+01
4.641114479369637280e+01
4.641114479369637280e+01
4.641114479369637280e+01
4.833002350300653660e+01
4.833002350300653660e+01
4.833002350300653660e+01
4.833002350300653660e+01
7.668390914795574531e+01
7.668390914795574531e+01
7.799588884542002631e+01
7.799588884542002631e+01
7.799588884542002631e+01
7.799588884542002631e+01
8.080154910069596497e+01
8.080154910069596497e+01
8.080154910069596497e+01
8.080154910069596497e+01
4.869078986727691216e+01
4.869078986727691216e+01
4.869078986727691216e+01
4.869078986727691216e+01
4.869078986727691216e+01
4.869078986727691216e+01
4.869078986727691216e+01
4.869078986727691216e+01
4.869078986727691216e+01
4.869078986727691216e+01
7.533074051271654525e+01
7.726916525597310681e+01
7.726916525597310681e+01
7.791340047007986414e+01
7.841906759573221564e+01
7.937779266041381732e+01
7.985962206505480765e+01
7.999077934731546691e+01
8.037572578374810917e+01
8.037572578374810917e+01
5.713483261813748015e+01
6.028063467644261664e+01
6.028063467644261664e+01
6.028063467644261664e+01
6.028063467644261664e+01
6.028063467644261664e+01
6.028063467644261664e+01
6.028063467644261664e+01
6.028063467644261664e+01
6.028063467644261664e+01
5.234609062985482808e+01
5.234609062985482808e+01
5.471146924754954455e+01
5.471146924754954455e+01
5.471146924754954455e+01
5.471146924754954455e+01
5.471146924754954455e+01
5.471146924754954455e+01
5.471146924754954455e+01
5.471146924754954455e+01
