1.516841086160492580e+02
-2.937438658832767047e+01
-1.085774118555291068e+02
5.407609174400921148e+01
-2.671000429863561720e+01
7.138216766982121442e+01
4.616222019585366354e+01
1.208064818613790976e+02
1.675954984735269591e+02
1.126151158618961574e+02
-1.278498076878648106e+02
-6.098160646922141126e+01
-1.524869516895762445e+00
2.613531293038809977e+01
-8.652095403720687727e+01
1.478277560865994644e+02
7.252492483448594385e+01
-3.565448101722526530e+01
1.140646369002301128e+02
5.769332144623803060e+01
-1.789901864873228590e+02
-8.040782485002536362e+01
-6.911886114025786298e+01
-8.074834058601106790e+01
-2.088663273489674665e+01
3.431845587837180744e+01
-2.827067945366234625e+01
-1.332017500920932775e+02
1.097009316174715821e+01
-3.568735041772111316e+01
3.532447105345571714e+01
-1.306609108050954262e+02
-5.610116349829588955e+01
4.416238691157659702e+01
-3.027022059820777855e+01
-8.527390190810636739e+01
-1.351547213923359436e+01
-1.336588944574002937e+02
7.300903724122426297e+01
-3.741287492490198474e+01
-5.765449598170015832e+01
-1.281533075498547305e+02
-1.300625701960993865e+02
-5.544373742874105915e+01
1.048820874942283865e+02
4.530897260021663442e+01
-6.106019829322438142e+00
-3.136967640940572011e+01
9.994611523740495329e+00
7.301170980186503812e+01
8.931343942554855175e+01
-5.946865420944943992e+01
-3.074272334475148938e+01
-2.824585919135637369e+01
1.454000041849008369e+02
2.813348439021246961e+01
-2.920297811109471553e+01
-4.842021272895159711e+01
-2.048570626132678854e+02
-3.586708404144763307e+01
-1.677013220466814971e+02
-2.809177765097318513e+01
-7.183758464051139470e+01
6.217360456569268479e+01
1.158934034274464437e+02
-6.219389347161040860e+01
-7.124183091422506209e+01
7.231393758773938885e+01
4.927158771386717717e+01
4.129476096005799235e+01
4.351108270575066683e+01
-9.450272606087392546e+01
2.199224810087981723e+02
1.678902377023143799e+01
-2.995328502641407198e+01
1.073104261305448546e+02
3.042470913335665728e+01
-2.313260735198847158e+02
9.428698346836557675e+01
-3.648090080686733216e+01
-4.379491076698803198e+01
1.210133032560486441e+02
-2.111339514932256378e+01
4.046326358196644435e+01
-1.123104724765975959e+02
1.234516902303010681e+02
-1.481167630345960795e+01
-8.791127209063749604e+01
8.212843944464940193e+01
2.734534789226477614e+01
1.546371686241245982e+02
-1.775702206953369569e+02
6.763946171794854934e+01
-1.813487125993079729e+01
-1.570904834100187486e+02
1.688086041574163687e+01
-1.579777001088434361e+02
2.288376302043502619e+01
-1.951243686134591471e+01
9.300169720655803474e+01
-6.884744633616477927e+01
-5.142191359102312020e+01
-7.463442757044835396e+00
9.237190871891820620e+01
-2.083992609476552502e+02
3.071577136872936364e+01
-1.148533668575557272e+02
1.544627164851880536e+02
5.377592970027623664e+01
6.523965923215044427e+01
7.447839779095154711e+01
-1.556827616420018785e+02
-3.756728683256424262e+01
5.742729093441084842e+00
1.229082547969632522e+01
-1.415155933190814324e+02
-8.739610655047403043e+01
-3.984672758530224712e+01
5.422836624683976936e+01
-1.177716979576985210e+02
-1.197294940574858373e+02
-1.038101607924535870e+02
-1.285682961799743111e+02
-1.297218936218949921e+02
4.552925346365632464e+01
-9.992533352097547095e+01
-1.995318107835816477e+02
1.020903924681237385e+01
-2.143219255887868258e+01
-2.189004273302819001e+02
-1.058577144886466748e+01
-1.195638333867478309e+01
-5.973811158150201095e+01
8.926224957357869982e+01
-1.548613393551850663e+02
-1.004584495357035223e+02
5.976679398466001913e+01
-1.264439455088872393e+02
8.657305739842010439e+01
5.964250561681202356e+01
8.513760888899243184e+01
1.520002293258898440e+01
-7.204970840158765100e+01
-8.901425826044317091e+00
1.424185089431352935e+02
9.114428015876168132e+00
1.224159041608259315e+02
-4.536340056044146962e+01
-1.636399790537798538e+01
7.315402567267454970e-01
1.069789938972924404e+01
-1.818427561091003497e+02
1.567311749016772637e+02
8.220210277888710948e+00
1.967244441575412139e+01
5.426063769737825737e+01
9.660238917860328911e+01
-2.498444912665237538e+01
-1.734847199694131348e+02
-6.736111020525922299e+01
1.939330985273448249e+01
-7.808288087403651900e+01
4.296280485160598062e+01
1.348578833561071235e+02
-4.890187533475048554e+01
-7.949096124832304433e+00
1.460197819231694041e+02
-1.032043604140912123e+02
7.074809993720435841e+01
-4.264172825788942589e+01
9.612581669433717479e+01
-1.371989777925248859e+02
-1.847267004717750183e+00
-3.379720246022926489e+01
-1.419901413065580584e+02
-5.404682634327259905e+01
-1.143250954610132339e+02
-3.121867377743855343e+01
-4.860025356397862595e+01
3.684355621105724765e+01
4.621783147041095674e+01
3.997716246986027500e+01
3.791937756747087462e+01
-2.762140927816293257e+01
3.226848724592652218e+01
1.644033029474320884e+01
-8.874921571127084974e+01
-2.371101536412261623e+02
-6.459384689892119980e+01
5.562013797559642114e+01
1.557617138249784716e+02
-3.288702557459396303e+01
-1.461564694100398576e+01
6.460897948737004981e+01
-6.314017528939299240e+00
-1.971062012362205280e+02
-1.920648672025470916e+01
-1.297922005719446474e+02
7.377838546194762159e+01
2.071043516867044900e+02
-2.041123284289740525e+02
1.662493533615144372e+02
-1.596101777156251558e+02
-8.011801069480922877e+01
-1.234632363308525527e+02
9.508715990587342404e+00
5.881767354107385870e+01
1.171968232343877645e+02
1.830058545968942951e+02
2.518523177878211783e+01
-1.170842390777860516e+02
1.048825629665442989e+02
1.457104590132358908e+02
-1.632255814150623223e+02
-4.492187906065029779e+01
8.883924784612474923e+01
-3.747207211575533279e+02
-1.005662230332607265e+02
1.264635792301145614e+02
-3.227205768991438362e+01
-1.067630512589101528e+02
4.705200771680876670e+01
-4.195109065856458841e+01
-1.112479564341667171e+01
1.030596835971383882e+02
-1.444213716371667715e+02
1.472302021687123670e+02
-1.979686763638721203e+01
4.367259588085198629e+01
1.042376443688244763e+02
-1.260041547755608526e+01
-4.659791066798413084e+01
4.333020481355632825e+01
8.154368703311513400e+01
7.270215040598135658e+01
-6.057340397413665301e+01
8.229515310358804925e+01
-6.429165746948004312e+01
6.339163117350067012e+01
-1.749620575837606395e+01
-3.118581339699681365e+01
-9.188765581402255123e+01
1.028166424442920004e+02
-3.474798496766770484e+01
6.723479129706288404e+01
-1.059876192322446684e+02
-1.705194176286132972e+02
2.779052749830913172e+01
6.171874555611343283e+01
-9.481423611109406124e+01
-8.200868187932654507e+01
-4.601244462576981675e+01
-2.397361055610461023e+01
1.150327155295574642e+02
6.132019837151389652e+01
-1.394327968982005928e+01
1.001864567068969905e+02
4.730599843446123032e+01
5.649477084091610379e+01
1.016941630150656266e+02
-1.870386032854474934e+02
7.300453406197843265e+01
7.716538004933818229e+01
2.202144107961270265e+02
5.846853514955794395e+01
