2.262285726041887912e+01
2.262285726041887912e+01
3.748457345644985850e+01
3.748457345644985850e+01
3.748457345644985850e+01
5.308375986777151923e+01
5.308375986777151923e+01
5.308790908229669014e+01
5.308790908229669014e+01
5.308790908229669014e+01
5.308790908229669014e+01
5.308790908229669014e+01
5.308790908229669014e+01
5.308790908229669014e+01
5.308790908229669014e+01
5.311973146561938108e+01
5.311973146561938108e+01
5.313513357073517085e+01
5.313662282307731743e+01
5.313662282307731743e+01
5.313662282307731743e+01
5.313662282307731743e+01
5.313662282307731743e+01
5.313662282307731743e+01
5.313662282307731743e+01
5.313662282307731743e+01
5.313662282307731743e+01
5.313662282307731743e+01
5.313662282307731743e+01
5.313662282307731743e+01
5.313662282307731743e+01
5.313662282307731743e+01
5.313662282307731743e+01
5.313662282307731743e+01
5.313662282307731743e+01
5.313662282307731743e+01
5.313662282307731743e+01
5.313662282307731743e+01
5.313662282307731743e+01
5.313662282307731743e+01
5.313662282307731743e+01
5.313662282307731743e+01
5.313662282307731743e+01
5.313662282307731743e+01
5.313662282307731743e+01
5.313662282307731743e+01
5.313662282307731743e+01
5.313662282307731743e+01
5.313662282307731743e+01
5.313662282307731743e+01
5.313662282307731743e+01
5.313662282307731743e+01
5.313662282307731743e+01
5.313662282307731743e+01
5.313662282307731743e+01
5.313662282307731743e+01
5.313662282307731743e+01
5.313662282307731743e+01
5.313662282307731743e+01
5.313662282307731743e+01
5.313662282307731743e+01
5.313662282307731743e+01
