3.901354799471556589e+01
3.901354799471556589e+01
3.901354799471556589e+01
4.798140678550376492e+01
4.798140678550376492e+01
4.798140678550376492e+01
4.802364909070206522e+01
4.802873816020953512e+01
5.701858578874551853e+01
5.701858578874551853e+01
5.701858578874551853e+01
5.701858578874551853e+01
5.701858578874551853e+01
5.701858578874551853e+01
5.701858578874551853e+01
5.701858578874551853e+01
5.701858578874551853e+01
5.701858578874551853e+01
7.525699681219052195e+01
7.525699681219052195e+01
7.525699681219052195e+01
7.525699681219052195e+01
7.525699681219052195e+01
9.485250552318655082e+01
9.485250552318655082e+01
9.485250552318655082e+01
9.485250552318655082e+01
9.485250552318655082e+01
9.485250552318655082e+01
9.485250552318655082e+01
9.485250552318655082e+01
9.485250552318655082e+01
9.485250552318655082e+01
9.485250552318655082e+01
9.485250552318655082e+01
9.485250552318655082e+01
9.485250552318655082e+01
9.485250552318655082e+01
9.485250552318655082e+01
9.485250552318655082e+01
9.485250552318655082e+01
9.485250552318655082e+01
9.485250552318655082e+01
9.485250552318655082e+01
9.485250552318655082e+01
9.485250552318655082e+01
9.485250552318655082e+01
9.485250552318655082e+01
9.485250552318655082e+01
9.485250552318655082e+01
9.485250552318655082e+01
9.485250552318655082e+01
