3.901354799471556589e+01
3.901354799471556589e+01
3.902364909070206522e+01
4.805982874727956755e+01
5.715067522005313805e+01
5.715067522005313805e+01
5.715067522005313805e+01
5.715067522005313805e+01
5.715067522005313805e+01
5.715067522005313805e+01
5.715067522005313805e+01
6.601354799471556589e+01
6.601354799471556589e+01
6.601354799471556589e+01
6.601354799471556589e+01
6.601354799471556589e+01
6.601354799471556589e+01
6.601354799471556589e+01
6.601354799471556589e+01
6.601354799471556589e+01
6.601354799471556589e+01
6.606510580438040847e+01
6.606510580438040847e+01
6.606510580438040847e+01
6.606510580438040847e+01
6.606510580438040847e+01
6.606510580438040847e+01
6.606510580438040847e+01
6.606510580438040847e+01
6.606510580438040847e+01
6.606510580438040847e+01
6.606510580438040847e+01
6.606510580438040847e+01
6.606510580438040847e+01
6.606510580438040847e+01
6.606510580438040847e+01
6.606510580438040847e+01
6.606510580438040847e+01
6.606510580438040847e+01
6.606510580438040847e+01
6.606510580438040847e+01
6.606510580438040847e+01
6.606510580438040847e+01
6.606510580438040847e+01
6.606510580438040847e+01
6.606510580438040847e+01
6.606510580438040847e+01
6.606510580438040847e+01
8.851667761151172442e+01
8.851667761151172442e+01
8.851667761151172442e+01
8.851667761151172442e+01
8.851667761151172442e+01
8.851667761151172442e+01
8.851667761151172442e+01
8.851667761151172442e+01
8.851667761151172442e+01
8.851667761151172442e+01
8.851667761151172442e+01
8.851667761151172442e+01
8.851667761151172442e+01
8.851667761151172442e+01
8.851667761151172442e+01
8.851667761151172442e+01
8.851667761151172442e+01
8.851667761151172442e+01
8.851667761151172442e+01
8.851667761151172442e+01
8.851667761151172442e+01
8.851667761151172442e+01
8.851667761151172442e+01
8.851667761151172442e+01
8.851667761151172442e+01
8.851667761151172442e+01
8.851667761151172442e+01
8.851667761151172442e+01
8.851667761151172442e+01
8.851667761151172442e+01
8.851667761151172442e+01
8.851667761151172442e+01
8.851667761151172442e+01
8.851667761151172442e+01
8.851667761151172442e+01
8.851667761151172442e+01
8.851667761151172442e+01
8.851667761151172442e+01
8.851667761151172442e+01
8.851667761151172442e+01
8.851667761151172442e+01
9.490013357217580392e+01
9.490013357217580392e+01
9.490013357217580392e+01
9.490013357217580392e+01
9.490013357217580392e+01
9.490013357217580392e+01
9.490013357217580392e+01
9.490013357217580392e+01
9.490013357217580392e+01
9.490013357217580392e+01
9.490013357217580392e+01
9.490013357217580392e+01
9.490013357217580392e+01
