-1.241332332621146435e+02
-6.260253606301204599e+01
1.577912442473411261e+02
1.382056967957325924e+02
-3.420408037378851418e+01
-6.499748291768669617e+01
2.740228720396234507e+01
5.526790884716739782e+01
4.458795201187380997e+01
6.676359033654117070e+01
-8.543104775013219410e-01
-3.367047355538588960e+01
9.189871533869852271e+01
-2.526241498199134838e+01
-1.470546536087672393e+02
-1.437995605587298087e+02
6.046142971699676139e+01
6.325920953806739533e+01
3.924930359570144844e+01
-1.060371492793926649e+02
2.374080610756773524e+01
6.992712961683650974e+01
-1.924225507462725773e+02
3.124174353582385777e+01
-5.809211078764301206e+00
1.501895825081740554e+01
3.828464468632088824e+01
6.058762614224234255e+01
1.297514988916786933e+02
-7.185030250856921441e+01
-1.082859420406353479e+02
-4.843706622144898688e+01
7.061162113121818606e+01
-6.423285560813818051e+01
3.336637616481394275e+01
-1.788957582048469419e+02
-7.752306129317842931e+01
3.199826313225273822e+01
9.488011979328486944e+00
3.641330158291434316e+01
2.011067557766085656e+01
4.377186385876243691e+01
8.038106311281751459e+01
-3.048540985700771699e+01
6.428816494295094230e+01
-2.739810653725661638e+01
-1.214849414317098137e+02
1.165704939517803780e+02
3.195391723477641222e+01
5.587344664865891275e+01
2.554981813579865246e+01
1.373980465403733717e+02
-1.065261239974411609e+02
6.116838221285973987e-01
-9.246062661344923939e+00
-1.798943590444450535e+01
-1.507884089773774292e+02
-2.038336169662130715e+01
-9.001931318060275089e+01
-3.525574623534100738e+01
1.127192783741197672e+02
-1.856552274680265668e+01
5.134435629788828237e+01
1.726750162382740257e+02
-5.335346034884430111e+01
2.544013867580780897e+01
-5.666748770705420668e+01
-3.729251737727345528e+01
-1.439261892284077931e+02
-2.256755328775723513e+01
2.416496433786037912e+01
-5.092759344743318195e+01
-1.033568840168115344e+02
-1.728057708581305718e+01
5.394566633123727684e+01
1.690540073709969136e+02
-5.460547565619757648e+01
-5.010709214402340450e+01
8.505166403994238067e+00
-1.093813805659677172e+02
3.246778560427164706e+01
-9.038356431939814684e+01
-1.271663660030196468e+02
-8.791746482825935516e+01
5.622921262321832359e+01
-4.618283929965688372e+01
5.663778932280889933e+01
-1.087467039335557928e+02
-1.195767798860991888e+02
-6.218822698913985647e+00
-3.747325080783289764e+01
-1.027982689844592130e+02
-7.102781781508272729e+01
-5.474264027938738764e+01
4.539005279194563514e+01
-1.156175456203541927e+02
6.045809725264641088e+01
1.967449617919877625e+01
3.707112903642408241e+01
1.692809069949412049e+01
6.488041763687340335e+01
-1.629272210707046398e+01
3.681635538346606751e+01
-1.611183320756898354e+02
1.110685531481948374e+02
-3.980062159637806474e+01
-1.181600913734127261e+02
-4.656527316679692774e+01
-1.182061311517896058e+02
3.767905121088937648e+01
2.636149846282183873e+01
-4.401605636983961745e+01
-1.801528677445239524e+01
-4.945234383572046966e+01
-7.711568871231229139e+01
1.155187199128099707e+02
-9.392968836774487329e+01
-8.124211096011661937e+01
6.007223220489452586e+01
-7.094238162504848333e+01
2.586005054229708833e+01
1.176644353701616978e+02
1.154070280902068291e+01
-1.001226420778701964e+01
2.764002467149535391e+01
-8.280101977512173050e+01
7.873929335455424905e+01
6.733848790524911010e+01
-2.184044493303480579e+02
1.690744234010243829e+01
7.492818523301667710e+01
2.317009401053537232e+01
-1.738418348789208423e+01
-6.624197336156464644e+01
-8.762262591186635063e+01
1.017786590603817558e+02
-4.830233200554775408e+01
-2.385231715284681542e+01
-2.375350635969942914e+01
1.011020393973659850e+02
-7.570561467026148961e+00
1.020335443764787584e+02
-1.312542113537588762e+02
-8.672544798978679026e+00
3.779259285934586643e+01
-7.103123479736807155e+01
1.223382649534469735e+01
-2.518241165242602619e+01
8.534219776709302607e+01
4.126957523590627375e+01
-6.079792661814781241e+01
1.326873070363229203e+02
1.136369206900025119e+02
6.658964946193586343e+01
1.132808325242716307e+01
5.039625129636824852e+01
-7.746365385016184746e+01
-4.994675456696167970e+01
-6.676041951324573631e+01
-1.836003506927546027e+02
-1.126389403756149079e+02
-4.165923505699807805e+01
-1.966565637393917854e+01
2.068282047196472604e+02
7.151082705943858286e+01
6.336490780421172531e+01
-4.916033190549934773e+01
1.723895451273604706e+01
1.056971253258152110e-01
1.359331886395086286e+00
5.727376198101087823e+01
-1.388307379239450370e+02
-6.357339438869388459e+00
1.776976080049346152e+01
-5.817728655428627604e+01
1.069132721703541478e+02
1.639694515386946705e+01
-7.203954762812898593e+01
7.434990574961446441e+01
1.151795461275665104e+02
-1.073603607905477730e+02
-1.328415684589977843e+02
-1.697668929454912146e+01
-9.774092297901795234e+01
9.535999724136125621e+01
-9.204344840289346052e+01
-2.595994859773380270e+01
-2.877973743308642440e+01
3.040267654804936370e+01
2.115680382383935765e+01
6.546271987926452596e+00
-1.173409664035625255e+01
-7.037387522797862971e+01
9.123549494535404847e+01
2.564364506531371291e+01
-3.106896516554570198e+01
2.470672467272976860e+02
-2.278078071266878624e+01
8.751991701622316100e+00
-9.898380048954162191e+01
6.988049167388990668e+01
-7.131016970225115870e+01
2.539069693763763524e+01
-2.989945866130274510e+01
-7.823025088960545048e+00
6.249920577371933206e+01
-4.861532015911217997e+01
-2.612373580822119123e+01
5.229850346314325549e+01
6.860199891932168725e+01
1.352470133012403437e+02
-1.424090183256093951e+02
-2.763766812533230421e+01
6.882427523963039562e+01
3.548783346583786624e+01
-6.100546252311210083e+01
-5.957977522279536942e+01
1.478137438311768790e+02
7.830282987219499091e+01
8.617703805776629622e+01
4.827882093648980089e+01
7.190734473794131532e+01
1.028933143471940603e+01
-4.122051378218966988e+01
3.477210906293557002e+00
-3.739972903641352531e+01
-7.230688708982773960e+01
8.575871365840581007e+01
-1.133657434049424495e+01
7.843187519985690415e+00
-7.207018762850827898e+01
-1.073205677791786457e+02
8.302712597393400529e+01
-5.323274856882759565e+01
-2.851607054813040421e+01
-1.236184061190685100e+02
4.865877604583997851e+01
7.385165192908837639e+01
-1.571501277769796445e+01
-1.834129909306611239e+01
-3.568273950910980119e+01
-3.394229564175942926e+01
-3.383057143139937750e+01
1.323582614166104463e+02
-1.008287707174211221e+02
2.202601008307446762e+00
-8.586659194196964506e+01
1.406551849469932733e+02
1.480641817015175832e+01
1.027662931269120890e+02
-3.675801197025200651e+01
-1.108075232461934689e+02
8.555123109589425212e+01
-6.924801305271407159e+01
-1.764371990137570094e+02
-3.944951277289889191e+01
1.236783489180175621e+02
1.171016159525085811e+02
1.126648523615239412e+02
1.575918573520626964e+01
-7.661030288706724889e+01
-3.129024901503564848e+01
1.921802039946093998e+01
4.199641563306920489e+01
1.116394759945685280e+02
