2.258115939220340351e+01
2.258115939220340351e+01
3.084670840550221982e+01
5.732324619773172003e+01
5.732324619773172003e+01
5.732324619773172003e+01
5.745482255552043682e+01
5.745482255552043682e+01
5.745482255552043682e+01
5.745482255552043682e+01
5.745482255552043682e+01
5.745482255552043682e+01
5.745482255552043682e+01
5.745482255552043682e+01
5.745482255552043682e+01
5.745482255552043682e+01
5.745482255552043682e+01
5.745482255552043682e+01
5.745482255552043682e+01
5.745482255552043682e+01
5.745482255552043682e+01
5.745482255552043682e+01
5.745482255552043682e+01
5.745482255552043682e+01
5.746661051127247788e+01
5.746661051127247788e+01
5.746661051127247788e+01
5.746661051127247788e+01
5.746661051127247788e+01
6.618586946817492844e+01
6.618586946817492844e+01
6.618586946817492844e+01
6.618586946817492844e+01
8.448920335595947506e+01
8.448920335595947506e+01
8.448920335595947506e+01
8.448920335595947506e+01
8.448920335595947506e+01
8.448920335595947506e+01
8.448920335595947506e+01
8.448920335595947506e+01
8.448920335595947506e+01
8.448920335595947506e+01
8.448920335595947506e+01
8.448920335595947506e+01
8.448920335595947506e+01
8.588649699436172114e+01
8.588649699436172114e+01
8.588649699436172114e+01
8.588649699436172114e+01
8.615067522005314515e+01
8.615067522005314515e+01
