3.452492800362476544e+01
3.452492800362476544e+01
3.452492800362476544e+01
3.452492800362476544e+01
2.156669902149832296e+01
2.156669902149832296e+01
1.712883379394131111e+01
1.712883379394131111e+01
1.712883379394131111e+01
7.794132061541290568e+00
7.279547694245962930e+00
6.604295013048314900e+00
6.604295013048314900e+00
6.604295013048314900e+00
6.604295013048314900e+00
6.503287963362453183e+00
6.503287963362453183e+00
6.503287963362453183e+00
6.503287963362453183e+00
6.503287963362453183e+00
6.503287963362453183e+00
6.503287963362453183e+00
6.216224008275261781e+00
6.216224008275261781e+00
6.216224008275261781e+00
6.216224008275261781e+00
6.216224008275261781e+00
6.216224008275261781e+00
6.216224008275261781e+00
6.216224008275261781e+00
6.216224008275261781e+00
6.216224008275261781e+00
6.216224008275261781e+00
6.194132061541296252e+00
6.194132061541296252e+00
6.194132061541296252e+00
6.194132061541296252e+00
6.194132061541296252e+00
6.194132061541296252e+00
4.889442882450566685e+00
4.889442882450566685e+00
4.889442882450566685e+00
4.889442882450566685e+00
4.889442882450566685e+00
4.889442882450566685e+00
4.889442882450566685e+00
4.889442882450566685e+00
4.805633587202081003e+00
4.805633587202081003e+00
4.805633587202081003e+00
