3.505794606274152159e+01
2.606014870947547024e+01
2.606014870947547024e+01
1.689802887538269260e+01
1.689802887538269260e+01
1.689802887538269260e+01
1.689802887538269260e+01
1.689802887538269260e+01
1.689802887538269260e+01
1.689802887538269260e+01
1.689802887538269260e+01
1.689802887538269260e+01
1.689802887538269260e+01
4.978489492792775195e+00
4.978489492792775195e+00
4.978489492792775195e+00
4.978489492792775195e+00
4.978489492792775195e+00
4.978489492792775195e+00
4.978489492792775195e+00
4.978489492792775195e+00
4.978489492792775195e+00
4.978489492792775195e+00
4.978489492792775195e+00
4.978489492792775195e+00
4.978489492792775195e+00
4.978489492792775195e+00
4.978489492792775195e+00
4.978489492792775195e+00
4.978489492792775195e+00
4.978489492792775195e+00
4.978489492792775195e+00
4.978489492792775195e+00
4.978489492792775195e+00
4.978489492792775195e+00
4.978489492792775195e+00
4.978489492792775195e+00
4.588175454648961704e+00
4.588175454648961704e+00
4.588175454648961704e+00
4.588175454648961704e+00
4.588175454648961704e+00
4.536522267050202117e+00
4.536522267050202117e+00
4.536522267050202117e+00
4.536522267050202117e+00
4.536522267050202117e+00
4.536522267050202117e+00
4.536522267050202117e+00
4.536522267050202117e+00
