1.685355513237443859e+01
1.685355513237443859e+01
1.685355513237443859e+01
1.685355513237443859e+01
1.685355513237443859e+01
1.685355513237443859e+01
1.685355513237443859e+01
1.685355513237443859e+01
1.260630304787576961e+01
7.966699021498328648e+00
7.389442882450566685e+00
7.389442882450566685e+00
7.389442882450566685e+00
7.389442882450566685e+00
7.389442882450566685e+00
7.389442882450566685e+00
5.403287963362458868e+00
5.403287963362458868e+00
5.403287963362458868e+00
5.403287963362458868e+00
5.403287963362458868e+00
5.403287963362458868e+00
5.403287963362458868e+00
5.403287963362458868e+00
5.392074445468736599e+00
5.292074445468742283e+00
5.292074445468742283e+00
5.292074445468742283e+00
5.292074445468742283e+00
5.292074445468742283e+00
5.292074445468742283e+00
5.292074445468742283e+00
5.292074445468742283e+00
5.292074445468742283e+00
5.292074445468742283e+00
5.292074445468742283e+00
5.292074445468742283e+00
5.292074445468742283e+00
5.292074445468742283e+00
5.193104311950250462e+00
5.193104311950250462e+00
5.193104311950250462e+00
5.193104311950250462e+00
5.193104311950250462e+00
4.251279297306780336e+00
4.251279297306780336e+00
4.251279297306780336e+00
4.251279297306780336e+00
4.235368864001245015e+00
4.235368864001245015e+00
