3.516396839186459999e+01
3.053767301554434255e+01
2.599322600264221705e+01
2.599322600264221705e+01
2.149196814034360159e+01
2.144026649320035460e+01
2.144026649320035460e+01
2.144026649320035460e+01
2.144026649320035460e+01
2.144026649320035460e+01
2.144026649320035460e+01
2.144026649320035460e+01
2.144026649320035460e+01
2.144026649320035460e+01
2.144026649320035460e+01
1.236504989148679101e+01
1.236504989148679101e+01
1.236504989148679101e+01
1.236504989148679101e+01
1.236504989148679101e+01
1.236504989148679101e+01
1.236504989148679101e+01
1.236504989148679101e+01
1.236504989148679101e+01
1.236504989148679101e+01
1.236504989148679101e+01
1.236504989148679101e+01
1.236504989148679101e+01
1.236504989148679101e+01
1.236504989148679101e+01
1.236504989148679101e+01
1.236504989148679101e+01
1.236504989148679101e+01
1.236504989148679101e+01
1.236504989148679101e+01
1.236504989148679101e+01
1.236504989148679101e+01
1.236504989148679101e+01
1.236504989148679101e+01
1.236504989148679101e+01
1.236504989148679101e+01
1.236504989148679101e+01
1.236504989148679101e+01
1.236504989148679101e+01
1.236504989148679101e+01
1.236504989148679101e+01
1.236504989148679101e+01
1.236504989148679101e+01
1.236504989148679101e+01
1.236504989148679101e+01
