3.488416049789688600e+01
3.488416049789688600e+01
3.041004146517617812e+01
2.601893545996107093e+01
2.599322600264221705e+01
2.149070710562723718e+01
2.149070710562723718e+01
2.149070710562723718e+01
2.149070710562723718e+01
2.549933213912098040e+00
2.549933213912098040e+00
2.549933213912098040e+00
2.549933213912098040e+00
2.549933213912098040e+00
2.549933213912098040e+00
2.549933213912098040e+00
2.549933213912098040e+00
2.549933213912098040e+00
2.549933213912098040e+00
2.549933213912098040e+00
2.549933213912098040e+00
2.549933213912098040e+00
2.549933213912098040e+00
2.549933213912098040e+00
2.549933213912098040e+00
2.549933213912098040e+00
2.549933213912098040e+00
2.549933213912098040e+00
2.549933213912098040e+00
2.549933213912098040e+00
2.549933213912098040e+00
2.549933213912098040e+00
2.549933213912098040e+00
2.549933213912098040e+00
2.549933213912098040e+00
2.549933213912098040e+00
2.549933213912098040e+00
2.549933213912098040e+00
2.549933213912098040e+00
2.549933213912098040e+00
2.549933213912098040e+00
2.549933213912098040e+00
2.549933213912098040e+00
2.549933213912098040e+00
2.549933213912098040e+00
2.549933213912098040e+00
2.549933213912098040e+00
2.549933213912098040e+00
2.549933213912098040e+00
2.549933213912098040e+00
2.549933213912098040e+00
2.549933213912098040e+00
2.549933213912098040e+00
2.549933213912098040e+00
2.549933213912098040e+00
2.549933213912098040e+00
2.549933213912098040e+00
2.549933213912098040e+00
2.549933213912098040e+00
2.549933213912098040e+00
2.549933213912098040e+00
2.549933213912098040e+00
2.549933213912098040e+00
2.549933213912098040e+00
2.549933213912098040e+00
2.549933213912098040e+00
2.549933213912098040e+00
2.549933213912098040e+00
2.549933213912098040e+00
2.549933213912098040e+00
2.549933213912098040e+00
2.549933213912098040e+00
2.549933213912098040e+00
2.549933213912098040e+00
2.549933213912098040e+00
2.549933213912098040e+00
2.549933213912098040e+00
2.549933213912098040e+00
2.549933213912098040e+00
2.549933213912098040e+00
2.549933213912098040e+00
2.549933213912098040e+00
2.549933213912098040e+00
2.549933213912098040e+00
2.549933213912098040e+00
2.549933213912098040e+00
2.549933213912098040e+00
2.549933213912098040e+00
2.549933213912098040e+00
2.549933213912098040e+00
2.549933213912098040e+00
2.549933213912098040e+00
2.549933213912098040e+00
2.549933213912098040e+00
2.549933213912098040e+00
2.549933213912098040e+00
2.549933213912098040e+00
2.549933213912098040e+00
2.549933213912098040e+00
2.549933213912098040e+00
2.549933213912098040e+00
