3.077267483016720462e+01
3.077267483016720462e+01
2.590105918768853144e+01
2.590105918768853144e+01
2.140105918768853144e+01
2.140105918768853144e+01
2.140105918768853144e+01
1.686667063844888048e+01
1.686667063844888048e+01
1.686667063844888048e+01
1.686667063844888048e+01
1.686667063844888048e+01
1.686667063844888048e+01
1.686667063844888048e+01
1.686667063844888048e+01
1.686667063844888048e+01
1.686667063844888048e+01
2.573747238406724591e+00
2.573747238406724591e+00
2.573747238406724591e+00
2.573747238406724591e+00
2.573747238406724591e+00
2.573747238406724591e+00
2.573747238406724591e+00
2.573747238406724591e+00
2.573747238406724591e+00
2.573747238406724591e+00
2.573747238406724591e+00
2.573747238406724591e+00
2.573747238406724591e+00
2.540702182492225347e+00
2.540702182492225347e+00
2.540702182492225347e+00
2.540702182492225347e+00
2.540702182492225347e+00
2.540702182492225347e+00
2.540702182492225347e+00
2.540702182492225347e+00
2.540702182492225347e+00
2.540702182492225347e+00
2.540702182492225347e+00
2.540702182492225347e+00
2.540702182492225347e+00
2.540702182492225347e+00
2.540702182492225347e+00
2.540702182492225347e+00
2.540702182492225347e+00
2.540702182492225347e+00
2.540702182492225347e+00
2.540702182492225347e+00
