3.912351203608024264e+01
3.912351203608024264e+01
3.912351203608024264e+01
2.598944288245056100e+01
2.598944288245056100e+01
2.149322600264221705e+01
2.136504989148679101e+01
7.486904805934628371e+00
7.486904805934628371e+00
7.486904805934628371e+00
7.486904805934628371e+00
7.486904805934628371e+00
7.486904805934628371e+00
7.486904805934628371e+00
7.486904805934628371e+00
7.486904805934628371e+00
7.486904805934628371e+00
7.486904805934628371e+00
7.486904805934628371e+00
7.486904805934628371e+00
7.486904805934628371e+00
7.486904805934628371e+00
7.486904805934628371e+00
7.486904805934628371e+00
7.486904805934628371e+00
7.486904805934628371e+00
7.486904805934628371e+00
7.486904805934628371e+00
7.486904805934628371e+00
7.486904805934628371e+00
7.486904805934628371e+00
7.486904805934628371e+00
7.486904805934628371e+00
7.486904805934628371e+00
7.486904805934628371e+00
7.486904805934628371e+00
2.607467878804499151e+00
2.607467878804499151e+00
2.607467878804499151e+00
2.607467878804499151e+00
2.607467878804499151e+00
2.607467878804499151e+00
2.607467878804499151e+00
2.607467878804499151e+00
2.607467878804499151e+00
2.607467878804499151e+00
2.607467878804499151e+00
2.607467878804499151e+00
2.607467878804499151e+00
2.607467878804499151e+00
