1.699698071365328644e+01
1.695404146908447274e+01
1.248050266981164214e+01
6.931601864368985844e+00
5.651480240067968452e+00
5.651480240067968452e+00
5.476602989520870324e+00
5.476602989520870324e+00
5.469158683274002897e+00
5.086602989520883966e+00
5.086602989520883966e+00
5.086602989520883966e+00
5.086602989520883966e+00
5.086602989520883966e+00
5.086602989520883966e+00
5.086602989520883966e+00
5.086602989520883966e+00
5.086602989520883966e+00
5.086602989520883966e+00
5.086602989520883966e+00
5.086602989520883966e+00
5.086602989520883966e+00
5.086602989520883966e+00
5.086602989520883966e+00
5.086602989520883966e+00
5.086602989520883966e+00
5.086602989520883966e+00
5.086602989520883966e+00
5.086602989520883966e+00
5.086602989520883966e+00
5.086602989520883966e+00
5.054133848700587350e+00
5.054133848700587350e+00
5.054133848700587350e+00
4.966602989520879419e+00
4.966602989520879419e+00
4.966602989520879419e+00
4.956652412362217319e+00
4.956652412362217319e+00
4.956652412362217319e+00
4.956652412362217319e+00
4.956652412362217319e+00
4.931652454029517685e+00
4.931652454029517685e+00
4.931652454029517685e+00
4.931652454029517685e+00
4.931652454029517685e+00
4.931652454029517685e+00
4.931652454029517685e+00
4.931652454029517685e+00
