3.490256748445824542e+01
1.236342387379360730e+01
1.236342387379360730e+01
1.236342387379360730e+01
7.703585885730063865e+00
7.703585885730063865e+00
7.143585885730047380e+00
5.766652412362219593e+00
5.493553765358711871e+00
5.493553765358711871e+00
5.493553765358711871e+00
5.493553765358711871e+00
5.493553765358711871e+00
5.493553765358711871e+00
5.493553765358711871e+00
5.493553765358711871e+00
5.493553765358711871e+00
5.493553765358711871e+00
5.493553765358711871e+00
5.493553765358711871e+00
5.493553765358711871e+00
5.491601864368988117e+00
5.491601864368988117e+00
5.491601864368988117e+00
5.491601864368988117e+00
5.491601864368988117e+00
5.491601864368988117e+00
5.491601864368988117e+00
5.491601864368988117e+00
5.224133515347261891e+00
5.224133515347261891e+00
5.224133515347261891e+00
5.224133515347261891e+00
4.955929066738022470e+00
4.955929066738022470e+00
4.955929066738022470e+00
4.955929066738022470e+00
4.955929066738022470e+00
4.955929066738022470e+00
4.955929066738022470e+00
4.804133515347245975e+00
4.535929066738020765e+00
4.535929066738020765e+00
4.535929066738020765e+00
4.535929066738020765e+00
4.535929066738020765e+00
4.535929066738020765e+00
4.535929066738020765e+00
4.480646082854690349e+00
4.480646082854690349e+00
