5.892398466745305541e+00
5.892398466745305541e+00
5.892398466745305541e+00
5.892398466745305541e+00
5.406652412362234372e+00
5.406652412362234372e+00
5.406652412362234372e+00
4.951601864368967654e+00
4.951601864368967654e+00
4.951601864368967654e+00
4.951601864368967654e+00
4.951601864368967654e+00
4.951601864368967654e+00
4.951601864368967654e+00
4.951601864368967654e+00
4.951601864368967654e+00
4.951601864368967654e+00
4.276661633585732147e+00
4.276661633585732147e+00
4.276661633585732147e+00
4.276661633585732147e+00
4.276661633585732147e+00
4.276661633585732147e+00
4.276661633585732147e+00
4.276661633585732147e+00
4.276661633585732147e+00
4.064133848700592466e+00
4.064133848700592466e+00
4.064133848700592466e+00
3.886602989520881124e+00
3.886602989520881124e+00
3.886602989520881124e+00
3.886602989520881124e+00
3.886602989520881124e+00
3.886602989520881124e+00
3.886602989520881124e+00
3.886602989520881124e+00
3.886602989520881124e+00
3.886602989520881124e+00
3.886602989520881124e+00
3.886602989520881124e+00
3.886602989520881124e+00
3.886602989520881124e+00
3.886602989520881124e+00
3.886602989520881124e+00
3.886602989520881124e+00
3.886602989520881124e+00
3.886602989520881124e+00
3.886602989520881124e+00
3.886602989520881124e+00
