1.237150159390473902e+01
1.237150159390473902e+01
1.237150159390473902e+01
1.237150159390473902e+01
1.237150159390473902e+01
6.061915902512794219e+00
6.061915902512794219e+00
5.847660557678835858e+00
5.706866402754670275e+00
5.531652454029526211e+00
5.234133848700594172e+00
5.234133848700594172e+00
5.234133848700594172e+00
5.234133848700594172e+00
5.234133848700594172e+00
5.234133848700594172e+00
5.234133848700594172e+00
5.234133848700594172e+00
4.383553765358726650e+00
4.383553765358726650e+00
4.383553765358726650e+00
4.383553765358726650e+00
4.383553765358726650e+00
4.246602989520880556e+00
4.246602989520880556e+00
3.936652412362235509e+00
3.936652412362235509e+00
3.936652412362235509e+00
3.936652412362235509e+00
3.936652412362235509e+00
3.936652412362235509e+00
3.936652412362235509e+00
3.936652412362235509e+00
3.936652412362235509e+00
3.936652412362235509e+00
3.936652412362235509e+00
3.936652412362235509e+00
3.936652412362235509e+00
3.936652412362235509e+00
3.936652412362235509e+00
3.936652412362235509e+00
3.936652412362235509e+00
3.936652412362235509e+00
3.936652412362235509e+00
3.936652412362235509e+00
3.936652412362235509e+00
3.936652412362235509e+00
3.936652412362235509e+00
3.936652412362235509e+00
3.936652412362235509e+00
