2.135686640275469017e+01
2.135686640275469017e+01
2.135686640275469017e+01
2.135686640275469017e+01
1.262498762112974759e+01
1.262498762112974759e+01
1.262498762112974759e+01
1.262305338274077826e+01
5.891042453358309672e+00
5.891042453358309672e+00
5.891042453358309672e+00
5.891042453358309672e+00
5.891042453358309672e+00
5.891042453358309672e+00
5.891042453358309672e+00
5.891042453358309672e+00
5.891042453358309672e+00
5.891042453358309672e+00
5.891042453358309672e+00
5.891042453358309672e+00
5.891042453358309672e+00
5.891042453358309672e+00
5.891042453358309672e+00
5.891042453358309672e+00
5.891042453358309672e+00
5.003287963362453183e+00
5.003287963362453183e+00
5.003287963362453183e+00
5.003287963362453183e+00
5.003287963362453183e+00
5.003287963362453183e+00
5.003287963362453183e+00
5.003287963362453183e+00
5.003287963362453183e+00
5.003287963362453183e+00
4.386904805934619844e+00
4.386904805934619844e+00
4.386904805934619844e+00
4.386904805934619844e+00
4.386904805934619844e+00
4.386904805934619844e+00
4.386904805934619844e+00
4.386904805934619844e+00
4.386904805934619844e+00
4.386904805934619844e+00
4.386904805934619844e+00
4.386904805934619844e+00
4.386904805934619844e+00
4.386904805934619844e+00
4.386904805934619844e+00
