3.936504989148679101e+01
2.524928003624765438e+00
2.524928003624765438e+00
2.524928003624765438e+00
2.524928003624765438e+00
2.524928003624765438e+00
2.524928003624765438e+00
2.524928003624765438e+00
2.524928003624765438e+00
2.524928003624765438e+00
2.524928003624765438e+00
2.524928003624765438e+00
2.524928003624765438e+00
2.524928003624765438e+00
2.524928003624765438e+00
2.524928003624765438e+00
2.524928003624765438e+00
2.524928003624765438e+00
2.524928003624765438e+00
2.524928003624765438e+00
2.524928003624765438e+00
2.524928003624765438e+00
2.524928003624765438e+00
2.524928003624765438e+00
2.524928003624765438e+00
2.524928003624765438e+00
2.524928003624765438e+00
2.524928003624765438e+00
2.524928003624765438e+00
2.524928003624765438e+00
2.524928003624765438e+00
2.524928003624765438e+00
2.524928003624765438e+00
2.524928003624765438e+00
2.524928003624765438e+00
2.524928003624765438e+00
2.524928003624765438e+00
2.524928003624765438e+00
2.524928003624765438e+00
2.524928003624765438e+00
2.524928003624765438e+00
2.524928003624765438e+00
2.524928003624765438e+00
2.524928003624765438e+00
2.524928003624765438e+00
2.524928003624765438e+00
2.524928003624765438e+00
2.524928003624765438e+00
2.524928003624765438e+00
2.524928003624765438e+00
2.524928003624765438e+00
2.524928003624765438e+00
2.524928003624765438e+00
2.524928003624765438e+00
2.524928003624765438e+00
2.524928003624765438e+00
2.524928003624765438e+00
2.524928003624765438e+00
2.524928003624765438e+00
2.524928003624765438e+00
2.524928003624765438e+00
2.524928003624765438e+00
2.524928003624765438e+00
2.524928003624765438e+00
2.524928003624765438e+00
2.524928003624765438e+00
2.524928003624765438e+00
2.524928003624765438e+00
2.524928003624765438e+00
2.524928003624765438e+00
2.524928003624765438e+00
2.524928003624765438e+00
2.524928003624765438e+00
2.524928003624765438e+00
2.524928003624765438e+00
2.524928003624765438e+00
2.524928003624765438e+00
2.524928003624765438e+00
2.524928003624765438e+00
2.524928003624765438e+00
2.524928003624765438e+00
2.524928003624765438e+00
2.524928003624765438e+00
2.524928003624765438e+00
2.524928003624765438e+00
2.524928003624765438e+00
2.524928003624765438e+00
2.524928003624765438e+00
2.524928003624765438e+00
2.524928003624765438e+00
2.524928003624765438e+00
2.524928003624765438e+00
2.524928003624765438e+00
2.524928003624765438e+00
2.524928003624765438e+00
2.524928003624765438e+00
2.524928003624765438e+00
2.524928003624765438e+00
2.524928003624765438e+00
2.524928003624765438e+00
2.524928003624765438e+00
