5.993810556845303950e+00
5.993810556845303950e+00
5.993810556845303950e+00
5.583553765358715282e+00
5.583553765358715282e+00
5.561652454029513137e+00
4.344535864908237954e+00
4.344535864908237954e+00
4.344535864908237954e+00
4.344535864908237954e+00
3.131480240067972431e+00
3.131480240067972431e+00
3.131480240067972431e+00
3.131480240067972431e+00
3.131480240067972431e+00
3.131480240067972431e+00
3.131480240067972431e+00
3.131480240067972431e+00
3.131480240067972431e+00
3.131480240067972431e+00
3.131480240067972431e+00
3.131480240067972431e+00
3.131480240067972431e+00
3.131480240067972431e+00
3.131480240067972431e+00
3.131480240067972431e+00
3.131480240067972431e+00
3.131480240067972431e+00
3.131480240067972431e+00
3.131480240067972431e+00
3.131480240067972431e+00
3.131480240067972431e+00
3.131480240067972431e+00
3.131480240067972431e+00
3.131480240067972431e+00
3.131480240067972431e+00
3.131480240067972431e+00
3.131480240067972431e+00
3.131480240067972431e+00
3.131480240067972431e+00
3.131480240067972431e+00
3.131480240067972431e+00
3.131480240067972431e+00
3.131480240067972431e+00
3.131480240067972431e+00
3.131480240067972431e+00
3.131480240067972431e+00
3.131480240067972431e+00
3.131480240067972431e+00
3.131480240067972431e+00
