3.938259555139241996e+01
3.049322600264221705e+01
3.049322600264221705e+01
3.036504989148679101e+01
2.136504989148679101e+01
2.136504989148679101e+01
2.136504989148679101e+01
2.136504989148679101e+01
2.136504989148679101e+01
2.136504989148679101e+01
1.249322600264221705e+01
1.249322600264221705e+01
1.249322600264221705e+01
3.969896456089628600e+00
3.969896456089628600e+00
3.969896456089628600e+00
3.969896456089628600e+00
3.969896456089628600e+00
3.969896456089628600e+00
3.969896456089628600e+00
3.969896456089628600e+00
3.969896456089628600e+00
3.969896456089628600e+00
3.969896456089628600e+00
3.969896456089628600e+00
3.969896456089628600e+00
3.969896456089628600e+00
3.969896456089628600e+00
3.969896456089628600e+00
2.528122902674155625e+00
2.528122902674155625e+00
2.528122902674155625e+00
2.528122902674155625e+00
2.528122902674155625e+00
2.528122902674155625e+00
2.528122902674155625e+00
2.528122902674155625e+00
2.528122902674155625e+00
2.528122902674155625e+00
2.528122902674155625e+00
2.528122902674155625e+00
2.528122902674155625e+00
2.528122902674155625e+00
2.528122902674155625e+00
2.528122902674155625e+00
2.528122902674155625e+00
2.528122902674155625e+00
2.528122902674155625e+00
2.528122902674155625e+00
2.528122902674155625e+00
2.528122902674155625e+00
2.528122902674155625e+00
2.528122902674155625e+00
2.528122902674155625e+00
2.528122902674155625e+00
2.528122902674155625e+00
2.528122902674155625e+00
2.528122902674155625e+00
2.528122902674155625e+00
2.528122902674155625e+00
2.528122902674155625e+00
2.528122902674155625e+00
2.528122902674155625e+00
2.528122902674155625e+00
2.528122902674155625e+00
2.528122902674155625e+00
2.528122902674155625e+00
2.528122902674155625e+00
2.528122902674155625e+00
2.528122902674155625e+00
2.528122902674155625e+00
2.528122902674155625e+00
2.528122902674155625e+00
2.528122902674155625e+00
2.528122902674155625e+00
2.528122902674155625e+00
2.528122902674155625e+00
2.528122902674155625e+00
2.528122902674155625e+00
2.528122902674155625e+00
2.528122902674155625e+00
2.528122902674155625e+00
2.528122902674155625e+00
2.528122902674155625e+00
2.528122902674155625e+00
2.528122902674155625e+00
2.528122902674155625e+00
2.528122902674155625e+00
2.528122902674155625e+00
2.528122902674155625e+00
2.528122902674155625e+00
2.528122902674155625e+00
2.528122902674155625e+00
2.528122902674155625e+00
2.528122902674155625e+00
2.528122902674155625e+00
2.528122902674155625e+00
2.528122902674155625e+00
2.528122902674155625e+00
2.528122902674155625e+00
2.528122902674155625e+00
