4.890352147807529803e+01
4.799271370563039341e+01
4.522200193122942835e+01
3.223921619019481000e+01
3.223921619019481000e+01
3.223921619019481000e+01
3.223921619019481000e+01
2.935706307471681953e+01
2.935706307471681953e+01
2.935706307471681953e+01
2.935706307471681953e+01
2.935706307471681953e+01
2.935706307471681953e+01
2.905807179306088983e+01
2.905807179306088983e+01
2.905807179306088983e+01
2.905807179306088983e+01
2.857429554159413954e+01
2.857429554159413954e+01
2.857429554159413954e+01
2.857429554159413954e+01
2.857429554159413954e+01
2.857429554159413954e+01
2.857429554159413954e+01
2.857429554159413954e+01
2.730801788142188968e+01
2.730801788142188968e+01
2.730801788142188968e+01
2.730801788142188968e+01
2.730801788142188968e+01
2.730801788142188968e+01
2.730801788142188968e+01
2.730801788142188968e+01
2.730801788142188968e+01
2.730801788142188968e+01
2.730801788142188968e+01
2.643212073453076982e+01
2.643212073453076982e+01
2.643212073453076982e+01
2.417802292401519537e+01
2.417802292401519537e+01
2.417802292401519537e+01
2.417802292401519537e+01
2.417802292401519537e+01
2.417802292401519537e+01
2.417802292401519537e+01
2.417802292401519537e+01
2.417802292401519537e+01
2.417802292401519537e+01
2.417802292401519537e+01
2.417802292401519537e+01
2.417802292401519537e+01
2.417802292401519537e+01
2.417802292401519537e+01
2.417802292401519537e+01
2.417802292401519537e+01
2.417802292401519537e+01
2.417802292401519537e+01
2.417802292401519537e+01
2.417802292401519537e+01
