3.871540839942165491e+01
3.491004146517617812e+01
2.622444469707343728e+01
2.162883379394131111e+01
2.162883379394131111e+01
1.262013792258538558e+01
1.262013792258538558e+01
7.621316416841182217e+00
6.376366347352046660e+00
6.376366347352046660e+00
6.376366347352046660e+00
6.376366347352046660e+00
6.376366347352046660e+00
6.376366347352046660e+00
6.376366347352046660e+00
6.376366347352046660e+00
6.376366347352046660e+00
6.376366347352046660e+00
6.376366347352046660e+00
4.435368864001247857e+00
4.435368864001247857e+00
4.435368864001247857e+00
4.435368864001247857e+00
4.435368864001247857e+00
4.435368864001247857e+00
4.435368864001247857e+00
4.435368864001247857e+00
4.435368864001247857e+00
4.435368864001247857e+00
4.435368864001247857e+00
4.435368864001247857e+00
4.435368864001247857e+00
4.435368864001247857e+00
4.435368864001247857e+00
4.435368864001247857e+00
4.435368864001247857e+00
4.435368864001247857e+00
4.435368864001247857e+00
4.435368864001247857e+00
4.435368864001247857e+00
4.435368864001247857e+00
4.435368864001247857e+00
4.435368864001247857e+00
4.435368864001247857e+00
4.435368864001247857e+00
4.435368864001247857e+00
4.435368864001247857e+00
4.435368864001247857e+00
4.435368864001247857e+00
4.435368864001247857e+00
