4.791415686865114765e+01
2.591886522358296929e+01
2.591886522358296929e+01
2.591886522358296929e+01
2.591886522358296929e+01
2.147791868473241550e+01
2.147791868473241550e+01
1.699698071365328644e+01
1.699698071365328644e+01
1.686504989148679101e+01
1.686504989148679101e+01
1.686504989148679101e+01
1.686504989148679101e+01
1.686504989148679101e+01
1.686504989148679101e+01
1.686504989148679101e+01
1.686504989148679101e+01
1.686504989148679101e+01
1.686504989148679101e+01
1.249322600264221705e+01
1.249322600264221705e+01
1.238882616161131978e+01
1.236504989148679101e+01
1.236504989148679101e+01
1.236504989148679101e+01
1.236504989148679101e+01
1.236504989148679101e+01
1.236504989148679101e+01
2.576645797248886538e+00
2.576645797248886538e+00
2.576645797248886538e+00
2.576645797248886538e+00
2.576645797248886538e+00
2.576645797248886538e+00
2.576645797248886538e+00
2.576645797248886538e+00
2.576645797248886538e+00
2.576645797248886538e+00
2.576645797248886538e+00
2.576645797248886538e+00
2.573747238406724591e+00
2.573747238406724591e+00
2.573747238406724591e+00
2.573747238406724591e+00
2.573747238406724591e+00
2.573747238406724591e+00
2.573747238406724591e+00
2.573747238406724591e+00
2.573747238406724591e+00
2.573747238406724591e+00
2.573747238406724591e+00
2.573747238406724591e+00
2.573747238406724591e+00
2.573747238406724591e+00
2.573747238406724591e+00
2.573747238406724591e+00
2.573747238406724591e+00
2.573747238406724591e+00
2.573747238406724591e+00
2.573747238406724591e+00
2.573747238406724591e+00
2.573747238406724591e+00
2.573747238406724591e+00
2.573747238406724591e+00
2.573747238406724591e+00
2.573747238406724591e+00
2.573747238406724591e+00
2.573747238406724591e+00
2.573747238406724591e+00
2.573747238406724591e+00
2.573747238406724591e+00
2.573747238406724591e+00
2.573747238406724591e+00
2.573747238406724591e+00
2.573747238406724591e+00
2.573747238406724591e+00
2.573747238406724591e+00
2.573747238406724591e+00
2.573747238406724591e+00
2.573747238406724591e+00
2.573747238406724591e+00
2.573747238406724591e+00
2.573747238406724591e+00
2.573747238406724591e+00
2.573747238406724591e+00
2.573747238406724591e+00
2.573747238406724591e+00
2.573747238406724591e+00
2.573747238406724591e+00
2.573747238406724591e+00
2.573747238406724591e+00
2.573747238406724591e+00
2.540702182492225347e+00
2.540702182492225347e+00
2.540702182492225347e+00
2.540702182492225347e+00
2.540702182492225347e+00
2.540702182492225347e+00
2.540702182492225347e+00
2.540702182492225347e+00
2.540702182492225347e+00
