3.003758690761691241e+01
3.003758690761691241e+01
2.131020043285857923e+01
1.690706526591253578e+01
1.262595194158294021e+01
1.262595194158294021e+01
1.262595194158294021e+01
6.516224008275258939e+00
6.516224008275258939e+00
5.179547694245968614e+00
5.179547694245968614e+00
5.179547694245968614e+00
5.179547694245968614e+00
5.179547694245968614e+00
5.179547694245968614e+00
5.179547694245968614e+00
5.179547694245968614e+00
5.179547694245968614e+00
5.179547694245968614e+00
5.179547694245968614e+00
5.179547694245968614e+00
5.179547694245968614e+00
5.179547694245968614e+00
5.179547694245968614e+00
5.179547694245968614e+00
5.179547694245968614e+00
5.179547694245968614e+00
5.179547694245968614e+00
5.179547694245968614e+00
5.179547694245968614e+00
5.179547694245968614e+00
5.179547694245968614e+00
5.179547694245968614e+00
5.179547694245968614e+00
5.179547694245968614e+00
5.179547694245968614e+00
5.179547694245968614e+00
5.179547694245968614e+00
5.179547694245968614e+00
5.179547694245968614e+00
5.179547694245968614e+00
5.179547694245968614e+00
5.179547694245968614e+00
5.179547694245968614e+00
5.179547694245968614e+00
5.179547694245968614e+00
5.179547694245968614e+00
5.179547694245968614e+00
5.179547694245968614e+00
5.179547694245968614e+00
