3.040706526591253578e+01
3.040706526591253578e+01
2.577453804244760249e+01
2.577453804244760249e+01
5.403287963362458868e+00
5.403287963362458868e+00
5.403287963362458868e+00
5.403287963362458868e+00
5.403287963362458868e+00
5.403287963362458868e+00
5.088175454648961704e+00
4.435368864001247857e+00
4.435368864001247857e+00
4.435368864001247857e+00
4.435368864001247857e+00
4.435368864001247857e+00
4.435368864001247857e+00
4.435368864001247857e+00
4.435368864001247857e+00
4.435368864001247857e+00
4.435368864001247857e+00
4.435368864001247857e+00
4.435368864001247857e+00
4.435368864001247857e+00
4.435368864001247857e+00
4.435368864001247857e+00
4.435368864001247857e+00
4.435368864001247857e+00
4.435368864001247857e+00
4.435368864001247857e+00
4.435368864001247857e+00
4.435368864001247857e+00
4.435368864001247857e+00
4.435368864001247857e+00
4.435368864001247857e+00
4.435368864001247857e+00
4.435368864001247857e+00
4.435368864001247857e+00
4.435368864001247857e+00
4.435368864001247857e+00
4.435368864001247857e+00
4.435368864001247857e+00
4.435368864001247857e+00
4.435368864001247857e+00
4.435368864001247857e+00
4.435368864001247857e+00
4.435368864001247857e+00
4.435368864001247857e+00
4.435368864001247857e+00
4.435368864001247857e+00
