1.222766055767885973e+01
1.222766055767885973e+01
1.222766055767885973e+01
6.633585885730042264e+00
6.241601864368988117e+00
6.241601864368988117e+00
2.955317647048133267e+00
2.955317647048133267e+00
2.955317647048133267e+00
2.955317647048133267e+00
2.955317647048133267e+00
2.955317647048133267e+00
2.955317647048133267e+00
2.955317647048133267e+00
2.955317647048133267e+00
2.955317647048133267e+00
2.955317647048133267e+00
2.955317647048133267e+00
2.955317647048133267e+00
2.955317647048133267e+00
2.955317647048133267e+00
2.955317647048133267e+00
2.955317647048133267e+00
2.955317647048133267e+00
2.955317647048133267e+00
2.955317647048133267e+00
2.955317647048133267e+00
2.955317647048133267e+00
2.955317647048133267e+00
2.955317647048133267e+00
2.955317647048133267e+00
2.955317647048133267e+00
2.955317647048133267e+00
2.955317647048133267e+00
2.955317647048133267e+00
2.955317647048133267e+00
2.955317647048133267e+00
2.955317647048133267e+00
2.955317647048133267e+00
2.955317647048133267e+00
2.955317647048133267e+00
2.955317647048133267e+00
2.955317647048133267e+00
2.955317647048133267e+00
2.955317647048133267e+00
2.955317647048133267e+00
2.955317647048133267e+00
2.955317647048133267e+00
2.955317647048133267e+00
2.955317647048133267e+00
