6.591042453358312514e+00
6.591042453358312514e+00
6.591042453358312514e+00
6.591042453358312514e+00
5.979547694245965772e+00
5.979547694245965772e+00
5.979547694245965772e+00
5.979547694245965772e+00
5.979547694245965772e+00
5.979547694245965772e+00
5.979547694245965772e+00
5.979547694245965772e+00
5.979547694245965772e+00
5.979547694245965772e+00
5.979547694245965772e+00
5.979547694245965772e+00
5.979547694245965772e+00
5.303287963362464552e+00
5.303287963362464552e+00
5.303287963362464552e+00
5.303287963362464552e+00
5.303287963362464552e+00
5.303287963362464552e+00
5.303287963362464552e+00
5.303287963362464552e+00
5.303287963362464552e+00
5.303287963362464552e+00
5.303287963362464552e+00
5.303287963362464552e+00
5.303287963362464552e+00
5.303287963362464552e+00
5.303287963362464552e+00
5.303287963362464552e+00
5.303287963362464552e+00
5.303287963362464552e+00
5.303287963362464552e+00
5.303287963362464552e+00
5.303287963362464552e+00
5.303287963362464552e+00
5.303287963362464552e+00
5.303287963362464552e+00
5.303287963362464552e+00
5.303287963362464552e+00
5.303287963362464552e+00
5.303287963362464552e+00
5.303287963362464552e+00
5.303287963362464552e+00
5.303287963362464552e+00
5.303287963362464552e+00
5.303287963362464552e+00
