4.395174564110860160e+00
4.395174564110860160e+00
4.395174564110860160e+00
4.395174564110860160e+00
4.395174564110860160e+00
4.395174564110860160e+00
3.530831778251325659e+00
3.530831778251325659e+00
3.530831778251325659e+00
3.530831778251325659e+00
3.530831778251325659e+00
3.530831778251325659e+00
3.530831778251325659e+00
3.530831778251325659e+00
3.530831778251325659e+00
3.530831778251325659e+00
3.530831778251325659e+00
3.530831778251325659e+00
3.530831778251325659e+00
3.530831778251325659e+00
3.530831778251325659e+00
3.530831778251325659e+00
3.530831778251325659e+00
3.530831778251325659e+00
3.228639918407452569e+00
3.228639918407452569e+00
3.228639918407452569e+00
2.955317647048133267e+00
2.955317647048133267e+00
2.955317647048133267e+00
2.955317647048133267e+00
2.955317647048133267e+00
2.955317647048133267e+00
2.955317647048133267e+00
2.955317647048133267e+00
2.955317647048133267e+00
2.955317647048133267e+00
2.955317647048133267e+00
2.955317647048133267e+00
2.955317647048133267e+00
2.955317647048133267e+00
2.955317647048133267e+00
2.955317647048133267e+00
2.955317647048133267e+00
2.955317647048133267e+00
2.955317647048133267e+00
2.955317647048133267e+00
2.955317647048133267e+00
2.955317647048133267e+00
2.955317647048133267e+00
