1.247008562636021622e+01
1.236828614873959964e+01
4.971504989569183408e+00
4.971504989569183408e+00
4.971504989569183408e+00
4.971504989569183408e+00
4.971504989569183408e+00
4.971504989569183408e+00
4.971504989569183408e+00
4.971504989569183408e+00
4.971504989569183408e+00
4.971504989569183408e+00
4.971504989569183408e+00
4.971504989569183408e+00
4.971504989569183408e+00
4.971504989569183408e+00
4.971504989569183408e+00
4.971504989569183408e+00
4.971504989569183408e+00
4.971504989569183408e+00
4.971504989569183408e+00
4.971504989569183408e+00
4.654133515347254502e+00
4.654133515347254502e+00
4.654133515347254502e+00
4.654133515347254502e+00
4.654133515347254502e+00
4.654133515347254502e+00
4.654133515347254502e+00
4.654133515347254502e+00
4.654133515347254502e+00
4.654133515347254502e+00
4.654133515347254502e+00
4.654133515347254502e+00
4.654133515347254502e+00
4.654133515347254502e+00
4.654133515347254502e+00
4.654133515347254502e+00
4.654133515347254502e+00
4.654133515347254502e+00
4.654133515347254502e+00
4.654133515347254502e+00
4.654133515347254502e+00
4.654133515347254502e+00
4.654133515347254502e+00
4.654133515347254502e+00
4.654133515347254502e+00
4.654133515347254502e+00
4.654133515347254502e+00
4.654133515347254502e+00
