3.041004146517617812e+01
3.041004146517617812e+01
3.041004146517617812e+01
2.594994867679125150e+01
2.586504989148679101e+01
2.596478425445098992e+00
2.596478425445098992e+00
2.596478425445098992e+00
2.596478425445098992e+00
2.596478425445098992e+00
2.596478425445098992e+00
2.596478425445098992e+00
2.596478425445098992e+00
2.596478425445098992e+00
2.596478425445098992e+00
2.596478425445098992e+00
2.596478425445098992e+00
2.596478425445098992e+00
2.596478425445098992e+00
2.596478425445098992e+00
2.596478425445098992e+00
2.596478425445098992e+00
2.596478425445098992e+00
2.596478425445098992e+00
2.596478425445098992e+00
2.596478425445098992e+00
2.596478425445098992e+00
2.596478425445098992e+00
2.596478425445098992e+00
2.596478425445098992e+00
2.596478425445098992e+00
2.596478425445098992e+00
2.596478425445098992e+00
2.596478425445098992e+00
2.596478425445098992e+00
2.596478425445098992e+00
2.573747238406724591e+00
2.573747238406724591e+00
2.573747238406724591e+00
2.573747238406724591e+00
2.573747238406724591e+00
2.573747238406724591e+00
2.573747238406724591e+00
2.573747238406724591e+00
2.573747238406724591e+00
2.573747238406724591e+00
2.573747238406724591e+00
2.573747238406724591e+00
2.573747238406724591e+00
2.573747238406724591e+00
2.573747238406724591e+00
2.573747238406724591e+00
2.573747238406724591e+00
2.573747238406724591e+00
2.573747238406724591e+00
2.573747238406724591e+00
2.573747238406724591e+00
2.573747238406724591e+00
2.573747238406724591e+00
2.573747238406724591e+00
2.573747238406724591e+00
2.573747238406724591e+00
2.573747238406724591e+00
2.573747238406724591e+00
2.573747238406724591e+00
2.573747238406724591e+00
2.573747238406724591e+00
2.573747238406724591e+00
2.573747238406724591e+00
2.573747238406724591e+00
2.573747238406724591e+00
2.573747238406724591e+00
2.573747238406724591e+00
2.573747238406724591e+00
2.573747238406724591e+00
2.573747238406724591e+00
2.573747238406724591e+00
2.573747238406724591e+00
2.573747238406724591e+00
2.573747238406724591e+00
2.573747238406724591e+00
2.573747238406724591e+00
2.573747238406724591e+00
2.573747238406724591e+00
2.573747238406724591e+00
2.573747238406724591e+00
2.573747238406724591e+00
2.573747238406724591e+00
2.573747238406724591e+00
2.573747238406724591e+00
2.573747238406724591e+00
2.540702182492225347e+00
2.540702182492225347e+00
2.540702182492225347e+00
2.540702182492225347e+00
2.540702182492225347e+00
2.540702182492225347e+00
2.540702182492225347e+00
2.540702182492225347e+00
2.540702182492225347e+00
2.540702182492225347e+00
