4.795632744286801596e+01
2.627267483016720462e+01
2.627267483016720462e+01
2.627267483016720462e+01
2.601413926011534272e+01
2.149070710562723718e+01
2.149070710562723718e+01
2.149070710562723718e+01
2.149070710562723718e+01
2.149070710562723718e+01
2.146212789870726567e+01
1.699322600264221705e+01
1.699322600264221705e+01
1.699322600264221705e+01
1.699322600264221705e+01
1.699322600264221705e+01
1.699322600264221705e+01
1.688259555139242707e+01
2.607467878804499151e+00
2.607467878804499151e+00
2.607467878804499151e+00
2.607467878804499151e+00
2.607467878804499151e+00
2.607467878804499151e+00
2.607467878804499151e+00
2.607467878804499151e+00
2.607467878804499151e+00
2.607467878804499151e+00
2.607467878804499151e+00
2.607467878804499151e+00
2.607467878804499151e+00
2.607467878804499151e+00
2.607467878804499151e+00
2.607467878804499151e+00
2.607467878804499151e+00
2.607467878804499151e+00
2.607467878804499151e+00
2.607467878804499151e+00
2.607467878804499151e+00
2.607467878804499151e+00
2.607467878804499151e+00
2.607467878804499151e+00
2.607467878804499151e+00
2.607467878804499151e+00
2.607467878804499151e+00
2.607467878804499151e+00
2.607467878804499151e+00
2.607467878804499151e+00
2.607467878804499151e+00
2.607467878804499151e+00
