1.713360027427069099e+01
1.711128813403567506e+01
1.699322600264221705e+01
1.699322600264221705e+01
1.699322600264221705e+01
1.699322600264221705e+01
7.244438979166432091e+00
6.991042453358318198e+00
6.991042453358318198e+00
6.979547694245965772e+00
6.979547694245965772e+00
6.979547694245965772e+00
6.979547694245965772e+00
6.737465365426004382e+00
6.190707105627240026e+00
6.157946062741515902e+00
6.157946062741515902e+00
6.157946062741515902e+00
6.157946062741515902e+00
6.157946062741515902e+00
6.157946062741515902e+00
6.157946062741515902e+00
6.157946062741515902e+00
6.157946062741515902e+00
6.131480240067972431e+00
5.395732273553988989e+00
5.231480240067980958e+00
5.231480240067980958e+00
5.231480240067980958e+00
5.231480240067980958e+00
5.231480240067980958e+00
5.231480240067980958e+00
5.231480240067980958e+00
5.231480240067980958e+00
5.231480240067980958e+00
5.231480240067980958e+00
5.231480240067980958e+00
5.186904805934631213e+00
5.186904805934631213e+00
5.186904805934631213e+00
5.186904805934631213e+00
5.186904805934631213e+00
5.186904805934631213e+00
5.186904805934631213e+00
5.186904805934631213e+00
5.186904805934631213e+00
5.186904805934631213e+00
5.186904805934631213e+00
5.186904805934631213e+00
5.186904805934631213e+00
