1.698050266981164214e+01
1.250070743898058367e+01
1.216635939663268573e+01
6.472665767966162775e+00
6.472665767966162775e+00
6.472665767966162775e+00
5.231480240067952536e+00
5.231480240067952536e+00
5.231480240067952536e+00
5.231480240067952536e+00
5.231480240067952536e+00
5.231480240067952536e+00
5.231480240067952536e+00
5.231480240067952536e+00
5.231480240067952536e+00
5.231480240067952536e+00
5.231480240067952536e+00
5.231480240067952536e+00
5.231480240067952536e+00
4.876861001777101023e+00
4.876861001777101023e+00
4.876861001777101023e+00
4.876861001777101023e+00
4.066602989520873734e+00
4.066602989520873734e+00
4.066602989520873734e+00
4.066602989520873734e+00
4.066602989520873734e+00
4.066602989520873734e+00
4.066602989520873734e+00
4.066602989520873734e+00
4.066602989520873734e+00
4.066602989520873734e+00
4.066602989520873734e+00
4.066602989520873734e+00
4.066602989520873734e+00
4.066602989520873734e+00
4.066602989520873734e+00
4.066602989520873734e+00
4.066602989520873734e+00
4.066602989520873734e+00
4.066602989520873734e+00
4.066602989520873734e+00
4.066602989520873734e+00
4.066602989520873734e+00
4.066602989520873734e+00
4.066602989520873734e+00
4.066602989520873734e+00
4.066602989520873734e+00
4.066602989520873734e+00
