2.597532127629386878e+01
1.697271030430329120e+01
5.638726448232347366e+00
5.446602989520869187e+00
5.446602989520869187e+00
5.412988007510904254e+00
5.412988007510904254e+00
5.412988007510904254e+00
5.412988007510904254e+00
5.412988007510904254e+00
4.179158683274010855e+00
4.179158683274010855e+00
4.179158683274010855e+00
4.179158683274010855e+00
4.179158683274010855e+00
4.179158683274010855e+00
4.179158683274010855e+00
4.179158683274010855e+00
4.179158683274010855e+00
4.179158683274010855e+00
4.179158683274010855e+00
4.179158683274010855e+00
4.179158683274010855e+00
4.179158683274010855e+00
4.179158683274010855e+00
4.179158683274010855e+00
4.179158683274010855e+00
4.179158683274010855e+00
4.179158683274010855e+00
4.179158683274010855e+00
4.179158683274010855e+00
3.993553765358711871e+00
3.993553765358711871e+00
3.993553765358711871e+00
3.993553765358711871e+00
3.993553765358711871e+00
3.993553765358711871e+00
3.993553765358711871e+00
3.993553765358711871e+00
3.993553765358711871e+00
3.935929066738026449e+00
3.903553765358722671e+00
3.903553765358722671e+00
3.903553765358722671e+00
3.903553765358722671e+00
3.903553765358722671e+00
3.903553765358722671e+00
3.894535864908249323e+00
3.894535864908249323e+00
3.894535864908249323e+00
