3.042466238997343453e+01
3.042466238997343453e+01
2.593605889473771242e+01
2.593605889473771242e+01
2.593605889473771242e+01
2.149322600264221705e+01
2.149322600264221705e+01
2.149322600264221705e+01
2.149322600264221705e+01
2.149322600264221705e+01
2.149322600264221705e+01
2.149322600264221705e+01
2.149322600264221705e+01
2.149322600264221705e+01
2.141886522358296929e+01
2.141447280880510107e+01
2.141447280880510107e+01
1.699322600264221705e+01
1.699322600264221705e+01
1.699322600264221705e+01
1.699322600264221705e+01
1.699322600264221705e+01
7.588175454648961704e+00
7.588175454648961704e+00
7.588175454648961704e+00
7.588175454648961704e+00
7.588175454648961704e+00
7.588175454648961704e+00
7.588175454648961704e+00
7.588175454648961704e+00
7.588175454648961704e+00
7.588175454648961704e+00
7.588175454648961704e+00
7.588175454648961704e+00
7.588175454648961704e+00
7.588175454648961704e+00
7.588175454648961704e+00
7.588175454648961704e+00
7.588175454648961704e+00
7.588175454648961704e+00
7.588175454648961704e+00
7.588175454648961704e+00
7.588175454648961704e+00
7.588175454648961704e+00
7.588175454648961704e+00
7.588175454648961704e+00
7.588175454648961704e+00
7.588175454648961704e+00
7.588175454648961704e+00
7.588175454648961704e+00
7.588175454648961704e+00
7.588175454648961704e+00
7.588175454648961704e+00
7.588175454648961704e+00
7.588175454648961704e+00
7.588175454648961704e+00
7.588175454648961704e+00
7.588175454648961704e+00
7.588175454648961704e+00
7.588175454648961704e+00
7.588175454648961704e+00
7.588175454648961704e+00
7.588175454648961704e+00
7.588175454648961704e+00
7.588175454648961704e+00
7.588175454648961704e+00
7.588175454648961704e+00
7.588175454648961704e+00
7.588175454648961704e+00
7.588175454648961704e+00
7.588175454648961704e+00
7.588175454648961704e+00
7.588175454648961704e+00
7.588175454648961704e+00
7.588175454648961704e+00
7.588175454648961704e+00
7.588175454648961704e+00
7.588175454648961704e+00
7.588175454648961704e+00
7.588175454648961704e+00
7.588175454648961704e+00
7.588175454648961704e+00
7.588175454648961704e+00
7.588175454648961704e+00
7.588175454648961704e+00
7.588175454648961704e+00
7.588175454648961704e+00
7.588175454648961704e+00
7.588175454648961704e+00
7.588175454648961704e+00
7.588175454648961704e+00
3.745179727162025074e+00
3.745179727162025074e+00
3.745179727162025074e+00
3.745179727162025074e+00
3.745179727162025074e+00
3.745179727162025074e+00
3.745179727162025074e+00
3.745179727162025074e+00
3.745179727162025074e+00
3.745179727162025074e+00
