7.231514728460325614e+00
7.231514728460325614e+00
7.231514728460325614e+00
7.231514728460325614e+00
7.231514728460325614e+00
7.231514728460325614e+00
7.231514728460325614e+00
7.231514728460325614e+00
7.231514728460325614e+00
7.231514728460325614e+00
7.231514728460325614e+00
7.231514728460325614e+00
7.231514728460325614e+00
7.231514728460325614e+00
7.231514728460325614e+00
7.231514728460325614e+00
7.231514728460325614e+00
7.231514728460325614e+00
5.665613244741564358e+00
5.665613244741564358e+00
5.665613244741564358e+00
5.665613244741564358e+00
5.665613244741564358e+00
5.665613244741564358e+00
5.665613244741564358e+00
5.665613244741564358e+00
5.665613244741564358e+00
5.665613244741564358e+00
5.665613244741564358e+00
5.665613244741564358e+00
5.665613244741564358e+00
5.665613244741564358e+00
5.665613244741564358e+00
5.665613244741564358e+00
5.665613244741564358e+00
5.665613244741564358e+00
5.665613244741564358e+00
5.665613244741564358e+00
5.665613244741564358e+00
5.665613244741564358e+00
5.665613244741564358e+00
5.665613244741564358e+00
5.665613244741564358e+00
5.665613244741564358e+00
5.665613244741564358e+00
5.665613244741564358e+00
5.665613244741564358e+00
5.665613244741564358e+00
5.665613244741564358e+00
5.665613244741564358e+00
