4.278653237134231091e+01
4.279294215616781116e+01
3.406281655664886898e+01
-7.632870821069305478e+00
2.126303769971756630e+00
5.805377795479861547e+00
4.703315937178930994e+01
-9.227116388520052226e+00
3.350166039371264759e+01
4.404046775127001467e+01
4.281896162825246677e+01
-2.569925228456782396e+00
-9.264726526647441673e+00
-6.945803879882513243e+00
2.534832921151906504e+00
5.483423812061820257e+01
5.268980468840593545e+01
5.504918422513803478e+01
5.529931365126762444e+01
5.532421056547338623e+01
4.718796095456242767e+01
5.567957816750536182e+01
5.578663751711476948e+01
5.582954599899682080e+01
5.612333979392907679e+01
5.594434569009114000e+01
5.606869546970387574e+01
5.606096887812332596e+01
5.600884969399250934e+01
5.596383335217071675e+01
5.137449012932708570e+01
5.605609073450209223e+01
5.613589061994210283e+01
5.662418134178470552e+01
5.663361476205146516e+01
5.670551355044945296e+01
5.631956709667112904e+01
5.613793395432460187e+01
5.615738866078054059e+01
5.673776466602379998e+01
5.678507348957805334e+01
5.680240188045215888e+01
5.690763913503889171e+01
5.744528765390834479e+01
5.749135130489190715e+01
5.741153790407422974e+01
5.715215554217803628e+01
5.692175370707584392e+01
5.731746971409052804e+01
5.694010462442825826e+01
5.750424876097044091e+01
5.766337886168786042e+01
5.773199891894032731e+01
5.801577250697517485e+01
5.777945243820104793e+01
5.780917041791249744e+01
5.779366587014811785e+01
5.767138714788771381e+01
5.801795877590019757e+01
5.803811704970959795e+01
5.826637272142862400e+01
5.830486754483084866e+01
5.833296912969341719e+01
5.836959661817958533e+01
5.855478003970679879e+01
5.861307347904357812e+01
5.866137521279988931e+01
5.875270152679239288e+01
5.918098827174540588e+01
5.949393733578125421e+01
5.991218488714714141e+01
6.013793479695586797e+01
7.106044423239580965e+01
7.154778075872903287e+01
7.182454688039922530e+01
7.181146343231017681e+01
7.210130916212121122e+01
7.218791923170536506e+01
7.224257153458273706e+01
7.245344426214467148e+01
