3.406281655664886898e+01
4.707763485125957992e+00
3.406281655664886898e+01
-8.847282855746488650e+00
-8.988958906461510523e+00
-9.738267455643860870e+00
2.217220703686162864e+00
4.236234290296834359e+01
-1.210161586826328062e+01
2.704532533471907918e+00
2.276064113164172120e+00
2.860084104222926804e+00
2.977251388340527072e+01
-9.102476073998088779e+00
4.278694703793375709e+01
4.274709250549022954e+01
4.283410515193335755e+01
4.291524239762784276e+01
4.414747949902418611e+01
4.332111642470713520e+01
4.511646394407606664e+01
5.093678192193750220e+01
5.319135853998903229e+01
5.308056958690639249e+01
5.325406159387274840e+01
5.305866867473400106e+01
5.296612911489265230e+01
5.279493027614962841e+01
5.246659146829414766e+01
5.333733889133390704e+01
5.334018774852078337e+01
5.339055278215231226e+01
5.341041275073261829e+01
5.395648293679655438e+01
5.404894116164063433e+01
5.396073902127243116e+01
5.414412469742148204e+01
5.369849341403904219e+01
4.278980816357795192e+01
4.353043947462302299e+01
5.343643553033694360e+01
5.417838741017335025e+01
5.419168592535809381e+01
5.454744788184445525e+01
5.434251521879988900e+01
5.456065461760895374e+01
5.458776560528504973e+01
5.467500660465087492e+01
5.504533684648659886e+01
5.470686459862207585e+01
5.514051599895137201e+01
5.507535367383934499e+01
5.516130198445919319e+01
5.548018304676435974e+01
5.550334421328931001e+01
5.552300994024220415e+01
5.564061766794238650e+01
5.616532482004177496e+01
5.576150183793863135e+01
5.582486582172461453e+01
5.606302865516525458e+01
5.571446614396238317e+01
5.621415130135040528e+01
5.624051850838864652e+01
5.632052067542659302e+01
5.640838941514962102e+01
5.643010773113554990e+01
5.650431243178897489e+01
5.651409287148953808e+01
5.652322982866515844e+01
5.654442442528614521e+01
5.656426635922499457e+01
5.674743129245270268e+01
5.689136951292071842e+01
5.698122101049048638e+01
5.782057790250212292e+01
5.914815356871159224e+01
5.999339173520097290e+01
7.084494115817867055e+01
6.028160745941870857e+01
