-9.379422328072855919e+00
3.406281655664886898e+01
3.686203138018692371e+00
-8.504289384179365641e+00
6.433667085196002944e+00
3.142873825559339807e+01
3.793161582422091271e+01
3.406281655664886898e+01
3.406281655664886898e+01
-1.018002509850830783e+01
4.236663118795610217e+01
-1.139620183014986665e+01
2.691043684878647646e+00
3.406281655664886898e+01
4.236749184892465792e+01
3.406281655664886898e+01
4.490798213073512102e+01
5.673170269716290193e+01
4.305933551897713585e+01
5.184908914699831683e+01
4.290890052496317253e+01
5.448813155610518777e+01
5.473848662209064742e+01
5.476406255721445149e+01
5.501727396925575420e+01
5.500681781196016829e+01
5.496344138361752130e+01
5.510134925087965740e+01
5.496791564603246627e+01
5.524236032958389586e+01
5.513029801779860151e+01
5.537526022582236607e+01
5.539766583118885990e+01
5.492715290229625680e+01
5.597119631762085135e+01
5.617768410571229509e+01
5.649611532798166280e+01
5.617881505521652485e+01
5.631310281083824520e+01
4.272757867555587552e+01
5.627848908627279201e+01
5.621779086885587162e+01
5.652851800190222065e+01
5.663441415431183401e+01
5.665348728201963269e+01
5.667207577715188194e+01
5.669234213156101987e+01
5.667770642286430416e+01
4.485782677984933997e+01
5.674646135471522257e+01
5.676824402137693681e+01
5.693992566924730170e+01
5.690672973550363167e+01
5.710820401618470044e+01
5.713131443994731740e+01
5.713854220410796358e+01
5.715900604186974476e+01
5.721314555679438740e+01
5.721359402179208331e+01
5.729255849870323658e+01
5.731639584161648315e+01
5.736087553960088314e+01
5.740699072351749521e+01
5.744450944670091985e+01
5.748737910901670745e+01
5.749156920373279434e+01
5.750364032693833138e+01
5.757325768829278445e+01
5.760132316949323439e+01
5.761895728360407531e+01
5.763126563471664809e+01
5.774375556792876552e+01
5.804987224166443127e+01
5.817113727256878519e+01
5.838164261981595615e+01
5.841862307656225539e+01
5.841877142599456363e+01
5.848683379248478786e+01
5.849531460976087516e+01
5.842100518362866524e+01
