-8.549991041863787444e+00
-7.556856536372127842e+00
-6.536772821363191710e+00
-7.632870821069305478e+00
-9.089399883542217395e+00
-8.567977515437082303e+00
-9.263759018458888050e+00
-4.831635258971567204e+00
-8.464675537582683873e+00
-9.071735273291299251e+00
-8.549991041863787444e+00
-8.550914950080748866e+00
-7.734331384401117226e+00
-7.632870821069305478e+00
-9.071735273291299251e+00
3.406281655664886898e+01
3.563982644264942934e+01
-4.997139161290797382e+00
4.278541306335249317e+01
4.288607731982873617e+01
4.914747280413619279e+01
5.178633570861525470e+01
5.038071891596737828e+01
5.144990774897900110e+01
5.217431759153163284e+01
5.083627201320538802e+01
5.164915468046983449e+01
5.164081684066398026e+01
5.191586216572081014e+01
5.173235226840476741e+01
5.070653639819204272e+01
5.191686499362491958e+01
5.217617479983626083e+01
5.220589955300204110e+01
5.257808181108531898e+01
5.222219962502270363e+01
4.611852078480146844e+01
5.296987708660417127e+01
5.362874922144079193e+01
4.694407461326869679e+01
5.339468728779122131e+01
5.374633563893817723e+01
5.401564025596593410e+01
5.394753511401451362e+01
5.403678109692789633e+01
5.416625352530139992e+01
5.423849847838640414e+01
5.440050769412739839e+01
5.454504385710189496e+01
5.476890105000565967e+01
5.471342677587419701e+01
5.511883327302860636e+01
5.494495759565031534e+01
5.498123316342182676e+01
5.513837538443454633e+01
5.522383944131330225e+01
5.522759554193107334e+01
5.534104222150757835e+01
5.537714050680071409e+01
5.544295109488555084e+01
5.555234127927806753e+01
5.568794857535772280e+01
5.574215953897007836e+01
5.590883481926843501e+01
5.596768812184804176e+01
5.603168326091687135e+01
5.609132036952684075e+01
5.611696125452383654e+01
5.614994138656368250e+01
5.678391154306279986e+01
5.698618778217632297e+01
5.739085580328716674e+01
5.767091277958834894e+01
5.842146034009262934e+01
5.857506487439262344e+01
5.842995275069679195e+01
5.861820316351693094e+01
6.027571138348876190e+01
7.255734594223550005e+01
7.192713689103779018e+01
