5.794941226082447372e+01
5.794231420740364769e+01
5.800649761783063951e+01
7.319477647481940608e+01
7.326098449879151531e+01
5.828063814612882965e+01
7.413225144734855121e+01
4.622089589366083118e+01
5.690965493310330459e+01
4.747125318872065947e+01
5.810875270858895902e+01
5.791598123517882613e+01
4.613616763154163891e+01
5.863433976548780890e+01
5.423318223496417545e+01
7.228243471053170310e+01
5.845023155301718276e+01
5.886095978889703417e+01
5.674688988194306205e+01
4.953048400201078749e+01
5.677311529357577768e+01
7.322363220890304092e+01
7.869699544007202974e+01
7.610607614054441683e+01
7.476732725970190074e+01
5.423858013038974946e+01
7.592021345506103103e+01
7.263215934941054286e+01
7.465888142334567590e+01
5.886051443897639501e+01
7.309420533376423634e+01
5.931582796723603934e+01
5.886051443897639501e+01
5.848299715309687485e+01
7.459946917685211076e+01
5.762845193636143648e+01
5.886051443897639501e+01
5.405692554445335674e+01
7.735051138916551849e+01
7.253448849506570184e+01
7.473587918632726712e+01
5.973578647828374955e+01
5.974692190067071351e+01
5.899783917541560641e+01
7.298631094697810795e+01
7.352930464073116923e+01
7.651187589874083983e+01
7.358888906055639723e+01
7.142397665385763617e+01
7.482647351485563547e+01
7.884110077304927700e+01
5.900814485388701769e+01
5.886051443897639501e+01
5.207172858632776524e+01
5.788955617388082686e+01
7.421675956449020362e+01
7.366773395285530057e+01
5.144682013087009409e+01
7.794513377766972440e+01
7.241857590155440505e+01
7.450717002901637898e+01
7.811923904117281836e+01
7.413863734358680802e+01
7.451791109421691317e+01
7.253508975824236416e+01
7.642098253483226244e+01
6.083708783871797721e+01
5.678505619444398889e+01
6.977535485266957949e+01
7.404868094922906607e+01
7.728786619314192308e+01
5.907146847246649202e+01
7.306074281893138789e+01
7.129603764808821609e+01
7.449348091002775618e+01
7.250487873493689506e+01
5.984418125840185354e+01
7.407553047067384000e+01
7.370811224902077186e+01
7.249620286302379668e+01
5.692754890748728513e+01
7.365827537059772112e+01
7.304962110636846262e+01
7.477049044158412983e+01
7.236635328746019979e+01
7.124852257905193653e+01
5.964321873512928107e+01
5.563242515621468698e+01
5.884625086480649259e+01
5.628749074131078345e+01
7.261389840632460846e+01
7.204111594624782811e+01
5.569832710360653749e+01
7.392521411415962973e+01
7.709706440691999774e+01
7.463388513228697718e+01
7.291026814966770075e+01
7.374191072439835182e+01
7.242441204535319343e+01
5.420556327865730140e+01
