-5.730099782973574030e+00
-5.929589143389894623e+00
4.801354799471556589e+01
-5.802118375377062875e+00
-5.802118375377062875e+00
-5.752572638825633078e+00
-5.752572638825633078e+00
3.228558876869984218e+00
-6.023447592961033159e+00
3.075744202585467768e+00
9.491859563501553509e+01
9.478506424239101591e+01
9.491859563501553509e+01
9.478506424239101591e+01
9.478506424239101591e+01
9.491859563501553509e+01
9.491859563501553509e+01
9.478506424239101591e+01
9.478506424239101591e+01
9.478506424239101591e+01
9.491859563501553509e+01
9.478506424239101591e+01
9.478506424239101591e+01
9.491859563501553509e+01
9.478506424239101591e+01
9.478506424239101591e+01
9.478506424239101591e+01
9.478506424239101591e+01
9.478506424239101591e+01
9.478506424239101591e+01
9.491859563501553509e+01
9.478506424239101591e+01
9.491859563501553509e+01
9.491859563501553509e+01
9.478506424239101591e+01
9.478506424239101591e+01
9.491859563501553509e+01
9.478506424239101591e+01
9.491859563501553509e+01
9.478506424239101591e+01
