-6.274762021241938825e+00
1.258389959779557898e+01
-5.826000107380449933e+00
3.575049982518597069e+00
-5.826000107380449933e+00
3.575049982518597069e+00
3.017991706964763665e+01
1.172147857583415487e+01
5.674617118842452612e+01
3.017991706964763665e+01
9.173157441175588644e+01
9.173157441175588644e+01
9.173157441175588644e+01
9.173157441175588644e+01
9.173157441175588644e+01
9.173157441175588644e+01
9.173157441175588644e+01
9.173157441175588644e+01
9.173157441175588644e+01
9.173157441175588644e+01
9.173157441175588644e+01
9.173157441175588644e+01
9.173157441175588644e+01
9.173157441175588644e+01
9.173157441175588644e+01
9.173157441175588644e+01
9.173157441175588644e+01
9.173157441175588644e+01
9.173157441175588644e+01
9.173157441175588644e+01
9.173157441175588644e+01
9.173157441175588644e+01
9.173157441175588644e+01
9.173157441175588644e+01
9.173157441175588644e+01
9.173157441175588644e+01
9.173157441175588644e+01
9.173157441175588644e+01
9.173157441175588644e+01
9.173157441175588644e+01
