-9.071735273291299251e+00
3.406281655664886898e+01
4.270727403725176430e+01
3.406281655664886898e+01
-1.213789681285931721e+01
-9.071735273291299251e+00
-1.253430674849185955e+01
-5.222554815404808259e+00
3.406281655664886898e+01
-5.007945752221060864e+00
-9.217743994171872401e+00
-5.010212679011848635e+00
4.236991626055960580e+01
-9.071735273291299251e+00
-5.010212679011848635e+00
4.485091719828458423e+01
4.295757474914140062e+01
4.324549839762002534e+01
4.390496741862484242e+01
4.300187879899839061e+01
4.915043235612908745e+01
4.945364391938546333e+01
4.926871196840514955e+01
4.935169985635087642e+01
4.929961059385759370e+01
4.948534859329243574e+01
4.955118227984846868e+01
5.203435700250842189e+01
4.998311702991104966e+01
5.058182499799496412e+01
4.962684236841538166e+01
5.038286169869377318e+01
5.012293453146146049e+01
5.080559401263239749e+01
5.147678833721882796e+01
5.229368448738843256e+01
5.323235475505013881e+01
5.166022689705111759e+01
5.239915658824945410e+01
4.277785361129180330e+01
5.256036222195574226e+01
5.262328837986269292e+01
5.258860022704676851e+01
5.277171202646481163e+01
5.306376235791677942e+01
5.329552847719561726e+01
5.338710081965452758e+01
5.341529130447003126e+01
5.343123798586255901e+01
5.030639323477416269e+01
5.372295484589190551e+01
5.386747803175018845e+01
5.431241559008373088e+01
5.461950537030857333e+01
5.457921959384522381e+01
5.461527875488912542e+01
5.441854593498789683e+01
5.466194038879284278e+01
5.505632175293765584e+01
5.485923138744119143e+01
5.504495397085171504e+01
5.478404734100276130e+01
5.506106209096871140e+01
5.513290939070617469e+01
5.518176086974946060e+01
5.519583890975624740e+01
5.522200160180614148e+01
5.529066885272542464e+01
5.533333793830536251e+01
5.535225335448303241e+01
5.536762282805129587e+01
5.540520577470188357e+01
5.543114443322761531e+01
5.571376234433460439e+01
5.593017606662640162e+01
5.593600032949075285e+01
5.607481237715414579e+01
5.614149706408539942e+01
5.674272150873615317e+01
5.682635804855750905e+01
