3.379418561446346558e+01
3.290524326941272193e+01
3.271662650179314369e+01
3.369689916862906642e+01
3.311585067982068864e+01
1.852338520995396109e+01
5.849778028866396973e+00
4.051103989894691892e+01
3.169653428986502774e+01
3.694569726325591574e+01
3.990582116268245016e+01
4.205516759985106745e+01
3.451235564847564774e+01
3.311266408230602565e+01
3.791483358098778211e+01
3.434543618916771379e+01
3.589855680959424689e+01
3.855457441737237900e+01
2.614746108709980987e+01
3.321588155320311131e+01
3.715452259915107192e+01
4.205516759985106745e+01
3.366376153074547517e+01
5.451937333114965156e+01
3.782068010761798860e+01
6.025577955010439268e+01
3.506394551897325584e+01
4.789787752813993649e+01
7.506298134629031438e+01
4.024763213041875076e+01
3.979224082457075440e+01
5.773590656523858655e+01
4.231172289669320463e+01
7.771736482936293555e+01
7.629888131424894482e+01
7.796277941249984167e+01
4.709459302335920938e+01
2.855113633083144720e+01
7.706993234410018090e+01
5.464341786595586115e+01
3.525410187918723892e+01
5.396770931022200557e+01
3.488250891270853771e+01
3.564805280551171762e+01
5.368428994035048163e+01
4.671494939633844012e+01
4.205516759985106745e+01
4.357128616609093541e+01
3.398190729306610791e+01
3.647254127851088867e+01
3.481068164689851585e+01
4.733149451963137011e+01
5.907926094302718667e+01
4.205516759985106745e+01
4.205558825878915030e+01
1.541538360947179775e+01
4.400378560786477067e+01
3.427397476410084209e+01
3.566319637733731440e+01
3.282000714172965417e+01
5.667777226670256141e+01
3.476325836007902126e+01
4.205516759985106745e+01
3.628718137854031767e+01
4.040335600521692072e+01
4.248484360898134327e+01
3.786469176224314737e+01
4.313194436208975446e+01
3.894829507586822359e+01
3.306314927733198772e+01
3.730762704223838711e+01
3.409672302056122106e+01
5.828659346246542583e+01
4.344222209522357758e+01
3.514306397843408547e+01
4.961405162524494727e+01
3.723450949073819061e+01
4.757053148523198871e+01
3.797514436839453822e+01
3.607832669994019170e+01
3.802321750929645816e+01
4.684896819714494853e+01
5.804610667573184912e+01
3.418465285259414088e+01
3.449143634234986422e+01
3.983395596928803428e+01
3.300862446048527943e+01
3.446804721506613589e+01
3.434876460623463146e+01
3.953593674306063832e+01
3.346761049150333633e+01
4.029609899778157711e+01
3.400809257085332149e+01
7.521071054220483632e+01
3.717476485629099869e+01
3.288268086584147909e+01
3.651050654770814674e+01
3.793247580043583156e+01
3.674671702631493986e+01
3.515336497569919771e+01
