-5.222554815404808259e+00
3.406281655664886898e+01
-4.818099779679704930e+00
-1.075959257026088878e+01
5.289598867059703480e+01
4.276248698838827522e+01
3.406281655664886898e+01
-9.071735273291299251e+00
-9.071735273291299251e+00
-9.215353987315502593e+00
3.406281655664886898e+01
3.961213302741133901e+01
-8.500618502531850140e+00
-1.219602213001240898e+01
-5.222554815404808259e+00
4.282952422637850987e+01
4.281163649399904614e+01
4.279376592793058620e+01
1.465924010247180753e+01
4.294581408698527980e+01
4.615179389884036709e+01
4.925746600039070699e+01
4.715434157921848168e+01
5.350242411656271457e+01
5.051213522789147703e+01
5.304929168159679165e+01
5.174437783164697180e+01
5.332097259460829264e+01
5.369852326793965602e+01
5.168090765915619755e+01
5.448830230308487899e+01
5.048334373239807604e+01
5.277112355028559421e+01
5.371085735966065045e+01
5.382606459756016903e+01
5.283788724568119477e+01
5.396427865655792999e+01
5.398195894046855869e+01
5.431331679929297707e+01
4.744342043184848734e+01
5.432904794098174506e+01
5.436393755053266119e+01
5.455884356890578601e+01
5.456127857521352809e+01
5.477181042850610737e+01
5.507480531406972091e+01
5.491565178392460211e+01
5.509172587382870034e+01
5.520270959840331670e+01
5.525531805500014570e+01
5.528975484088873316e+01
5.543571792593711933e+01
5.538430760406961895e+01
5.538847313401947048e+01
5.539399301286886868e+01
5.540980491366003946e+01
5.542784485384742510e+01
5.547525971710435044e+01
5.548441736152927461e+01
5.554594170049450952e+01
5.555725228201313826e+01
5.556053684095978440e+01
5.556931250386325871e+01
5.557022011864651745e+01
5.558056304100909983e+01
5.558667497775736877e+01
5.558807833682779176e+01
5.559338238270405697e+01
5.559919069015646897e+01
5.562330972176699362e+01
5.563386408156394225e+01
5.565497349083442202e+01
5.566621575017761359e+01
5.568193881839204096e+01
5.568779628674543858e+01
5.571743015116342690e+01
5.583796872732875016e+01
5.587463377781442375e+01
5.679097718670925588e+01
5.763738537752308133e+01
