1.290624979919323678e+01
3.575049982518597069e+00
2.972901156814170065e+01
4.778539190157781036e+01
3.877544157072463804e+01
-6.244166900663736364e+00
3.182888840036795841e+00
8.784302101441444677e+01
4.789744140538643080e+01
-5.823045895483018874e+00
9.061998334634742491e+01
9.061998334634742491e+01
9.061998334634742491e+01
9.061998334634742491e+01
9.061998334634742491e+01
9.061998334634742491e+01
9.061998334634742491e+01
9.061998334634742491e+01
9.061998334634742491e+01
9.061998334634742491e+01
9.061998334634742491e+01
9.061998334634742491e+01
9.061998334634742491e+01
9.061998334634742491e+01
9.061998334634742491e+01
9.061998334634742491e+01
9.061998334634742491e+01
9.061998334634742491e+01
9.061998334634742491e+01
9.061998334634742491e+01
9.061998334634742491e+01
9.061998334634742491e+01
9.061998334634742491e+01
9.061998334634742491e+01
9.061998334634742491e+01
9.061998334634742491e+01
9.061998334634742491e+01
9.061998334634742491e+01
9.061998334634742491e+01
9.061998334634742491e+01
