-1.203934172539217684e+01
1.371938613603335000e+01
-6.027523760360639749e+00
-6.392923061284867536e+00
-6.834601691791025502e+00
-1.544855016758898358e+00
-6.382612485965339033e+00
-6.206277754805743285e+00
-3.637869890653725236e+00
-6.162581814575789352e+00
-4.794868862492798200e+00
-6.923736785825551188e+00
-7.503584830722775934e+00
-6.149001892982036921e+00
-6.014200674399630131e+00
4.070771926920107830e+01
4.070771926920107830e+01
4.070771926920107830e+01
4.070771926920107830e+01
4.070771926920107830e+01
4.070771926920107830e+01
4.070771926920107830e+01
4.070771926920107830e+01
4.070771926920107830e+01
4.070771926920107830e+01
4.070771926920107830e+01
4.070771926920107830e+01
4.070771926920107830e+01
4.070771926920107830e+01
4.070771926920107830e+01
4.070771926920107830e+01
4.070771926920107830e+01
4.070771926920107830e+01
4.070771926920107830e+01
4.070771926920107830e+01
4.070771926920107830e+01
4.070771926920107830e+01
4.070771926920107830e+01
4.070771926920107830e+01
4.070771926920107830e+01
4.070771926920107830e+01
4.070771926920107830e+01
4.070771926920107830e+01
4.070771926920107830e+01
4.070771926920107830e+01
4.070771926920107830e+01
4.070771926920107830e+01
4.070771926920107830e+01
4.070771926920107830e+01
4.070771926920107830e+01
4.070771926920107830e+01
4.070771926920107830e+01
4.070771926920107830e+01
4.070771926920107830e+01
4.070771926920107830e+01
4.070771926920107830e+01
4.070771926920107830e+01
4.070771926920107830e+01
4.070771926920107830e+01
4.070771926920107830e+01
4.070771926920107830e+01
4.070771926920107830e+01
4.070771926920107830e+01
4.070771926920107830e+01
4.070771926920107830e+01
4.070771926920107830e+01
4.070771926920107830e+01
4.070771926920107830e+01
4.070771926920107830e+01
4.070771926920107830e+01
4.070771926920107830e+01
4.070771926920107830e+01
4.070771926920107830e+01
4.070771926920107830e+01
4.070771926920107830e+01
4.070771926920107830e+01
4.070771926920107830e+01
4.070771926920107830e+01
4.070771926920107830e+01
4.070771926920107830e+01
