3.300568250875706866e+01
-7.434701508860396046e+00
-9.353430436628109135e+00
-8.610107526771923148e+00
-5.303377685499696348e+00
-9.290687430393544943e+00
-8.670596055831921944e+00
-5.303864209186351708e+00
-1.071780519505535878e+01
-9.353430436628109135e+00
-9.367742029729710040e+00
-5.303377685499696348e+00
-9.428051294109465630e+00
-1.266860952988303168e+01
4.235771834631437116e+01
-5.108094695927975160e+00
-5.303377685499696348e+00
2.920108328342634607e+01
-8.659480066103860452e+00
-9.353430436628109135e+00
4.244039722724723873e+01
4.248000974588001810e+01
4.248872370104945873e+01
4.236105506097769080e+01
5.140742695274757068e+01
5.199764031453310054e+01
5.298964469299000513e+01
5.360026165751582283e+01
5.386749607563896092e+01
5.442211119862146518e+01
5.379159323485164634e+01
4.177465399256387002e+01
5.485765930881763808e+01
5.486999909670974773e+01
5.472535185058775653e+01
5.509847472499041032e+01
5.464818447674347368e+01
5.442779524143144698e+01
5.487518373549245609e+01
3.214165407692676979e+01
5.502770756490639315e+01
5.527137219487070041e+01
5.508897780473888872e+01
5.528562106007139221e+01
5.530256823165523627e+01
5.513080964674311701e+01
5.510629241511140464e+01
5.527983893344168820e+01
5.524437202122489055e+01
5.532673103637189627e+01
5.536329938411131479e+01
5.534197196161132126e+01
5.546167547445725887e+01
5.551649277003154026e+01
5.558207409912660069e+01
5.548596464111898285e+01
5.558530001983314150e+01
5.569878656571238196e+01
5.578276570973382320e+01
5.579999972160596400e+01
5.582239511479050265e+01
5.585385624747452482e+01
5.594083919096961921e+01
5.611586497326379686e+01
5.605219769440596167e+01
5.605906182812255878e+01
5.595504441126085737e+01
5.610372462940912186e+01
5.628074081746813562e+01
5.637001421135224177e+01
5.639532983792140186e+01
5.645208035859896256e+01
5.646824312799386547e+01
5.656875289500121085e+01
5.657010993834138191e+01
5.665282246353461915e+01
5.669991403442299571e+01
5.670151529213099195e+01
5.677915233073822066e+01
5.686643308574220868e+01
5.689201326274022108e+01
5.706028844189874150e+01
5.713862375994489184e+01
5.728065179310341648e+01
5.743439693437700555e+01
5.765911263233660833e+01
5.787333083703028080e+01
5.790897927983998983e+01
5.794072466920054865e+01
5.798113515212215674e+01
5.822519103092445647e+01
5.837326927289365130e+01
5.855443307865883895e+01
5.925429965719192182e+01
5.911880092266981279e+01
5.954395453472635324e+01
5.974156807590980378e+01
5.987800963020962541e+01
6.009070454437510733e+01
6.048390843983721510e+01
