3.532950832773739336e+01
-7.650031020392626502e+00
3.406281655664886898e+01
3.406281655664886898e+01
4.278653237134231091e+01
-5.222554815404808259e+00
-9.215353987315502593e+00
-5.217927449471872592e+00
9.572416218908863073e+00
-5.222554815404808259e+00
1.225270048579951698e+00
-9.071735273291299251e+00
5.491422273328175407e+01
-5.201914179759821621e+00
-9.071735273291299251e+00
4.279118579592469729e+01
4.452301986413129242e+01
4.347748409190641894e+01
4.554608650740226494e+01
4.555829773331861787e+01
4.599654727568249513e+01
4.653399923761230639e+01
4.582990325034329970e+01
5.098626451756511813e+01
5.103018206913704802e+01
4.976312475353775966e+01
5.313759757136320871e+01
4.412311845525714205e+01
5.394874215707024234e+01
4.278508117340523143e+01
5.460893393962172127e+01
5.510108997384705987e+01
5.488134288404531702e+01
5.493583767375140070e+01
5.515978111442074550e+01
5.475040241241150341e+01
5.488830701029464620e+01
5.480511156239504800e+01
5.520271645624956847e+01
4.231851657788411813e+01
5.541225941098480945e+01
5.542825410466277702e+01
5.541841246007709287e+01
5.543529430065001407e+01
5.543914373928210892e+01
5.544530859198659556e+01
5.545298804636557577e+01
5.546142357967351444e+01
5.545974479248319255e+01
5.548635598703545213e+01
5.549661781380475389e+01
5.549759309770221449e+01
5.551062084363873339e+01
5.551513396554425839e+01
5.562344373106417805e+01
5.563891931944532132e+01
5.563314633625287797e+01
5.564230139010621201e+01
5.566423419300446085e+01
5.570670044650826469e+01
5.575591998428132001e+01
5.577002168219453893e+01
5.582221643585664594e+01
5.587798259432180004e+01
5.592967212458160731e+01
5.601595511747136413e+01
5.605460688432140870e+01
5.607964106438134877e+01
5.626859222102071101e+01
5.628973414501282235e+01
5.635808707342967239e+01
5.640922016589776433e+01
5.665002289058058693e+01
5.667342766449503699e+01
5.674919230192168129e+01
5.697732523495654533e+01
5.774337620878277022e+01
5.687866204976279505e+01
5.690728204813615321e+01
5.847854287707223619e+01
