-5.802118375377062875e+00
-5.159055299214529100e+00
-5.752572638825633078e+00
-5.802118375377062875e+00
-6.023447592961033159e+00
2.260766709492490634e+01
-5.802118375377062875e+00
-5.802118375377062875e+00
-5.774551545544408526e+00
-6.023447592961033159e+00
-5.752572638825633078e+00
-5.087596335232383638e+00
-5.730099782973574030e+00
-5.762051382780176922e+00
-5.730099782973574030e+00
4.955156592809528604e+01
4.955156592809528604e+01
4.955156592809528604e+01
4.955156592809528604e+01
4.955156592809528604e+01
4.955156592809528604e+01
4.955156592809528604e+01
4.955156592809528604e+01
4.955156592809528604e+01
4.955156592809528604e+01
4.955156592809528604e+01
4.955156592809528604e+01
4.955156592809528604e+01
4.955156592809528604e+01
4.955156592809528604e+01
4.955156592809528604e+01
4.955156592809528604e+01
4.955156592809528604e+01
4.955156592809528604e+01
4.955156592809528604e+01
4.955156592809528604e+01
4.955156592809528604e+01
4.955156592809528604e+01
4.955156592809528604e+01
4.955156592809528604e+01
4.955156592809528604e+01
4.955156592809528604e+01
4.955156592809528604e+01
4.955156592809528604e+01
4.955156592809528604e+01
4.955156592809528604e+01
4.955156592809528604e+01
4.955156592809528604e+01
4.955156592809528604e+01
4.955156592809528604e+01
4.955156592809528604e+01
4.955156592809528604e+01
4.955156592809528604e+01
4.955156592809528604e+01
4.955156592809528604e+01
4.955156592809528604e+01
4.955156592809528604e+01
4.955156592809528604e+01
4.955156592809528604e+01
4.955156592809528604e+01
4.955156592809528604e+01
4.955156592809528604e+01
4.955156592809528604e+01
4.955156592809528604e+01
4.955156592809528604e+01
4.955156592809528604e+01
4.955156592809528604e+01
4.955156592809528604e+01
4.955156592809528604e+01
4.955156592809528604e+01
4.955156592809528604e+01
4.955156592809528604e+01
4.955156592809528604e+01
4.955156592809528604e+01
4.955156592809528604e+01
4.955156592809528604e+01
4.955156592809528604e+01
4.955156592809528604e+01
4.955156592809528604e+01
4.955156592809528604e+01
