-5.710427017374869685e+00
7.512506926914797134e+01
3.231679004206228001e+00
-5.743003187809482490e+00
-5.752572638825633078e+00
1.217105438238979254e+01
-2.708050201102210064e+00
-3.332204510175203804e+00
4.801103858311013539e+01
5.770168263345196635e+01
9.299466846406765796e+01
9.161699002086162125e+01
9.161699002086162125e+01
9.161699002086162125e+01
9.161699002086162125e+01
9.161699002086162125e+01
9.299466846406765796e+01
9.161699002086162125e+01
9.161699002086162125e+01
9.299466846406765796e+01
9.161699002086162125e+01
9.161699002086162125e+01
9.161699002086162125e+01
9.161699002086162125e+01
9.161699002086162125e+01
9.161699002086162125e+01
9.161699002086162125e+01
9.161699002086162125e+01
9.161699002086162125e+01
9.161699002086162125e+01
9.299466846406765796e+01
9.161699002086162125e+01
9.161699002086162125e+01
9.161699002086162125e+01
9.161699002086162125e+01
9.161699002086162125e+01
9.161699002086162125e+01
9.161699002086162125e+01
9.161699002086162125e+01
9.161699002086162125e+01
