6.601103858311013539e+01
-5.755742213586912293e+00
5.730626786119729843e+01
4.794321598677137786e+01
6.622544845445558792e+01
7.534751081973135456e+01
1.247853908213775398e+01
-2.708050201102210064e+00
7.557946500072770846e+01
6.601103858311013539e+01
9.241870783429058633e+01
9.241870783429058633e+01
9.241870783429058633e+01
9.241870783429058633e+01
9.241870783429058633e+01
9.241870783429058633e+01
9.241870783429058633e+01
9.241870783429058633e+01
9.241870783429058633e+01
9.241870783429058633e+01
9.241870783429058633e+01
9.241870783429058633e+01
9.241870783429058633e+01
9.241870783429058633e+01
9.241870783429058633e+01
9.241870783429058633e+01
9.241870783429058633e+01
9.241870783429058633e+01
9.241870783429058633e+01
9.241870783429058633e+01
9.241870783429058633e+01
9.241870783429058633e+01
9.241870783429058633e+01
9.241870783429058633e+01
9.241870783429058633e+01
9.241870783429058633e+01
9.241870783429058633e+01
9.241870783429058633e+01
9.241870783429058633e+01
9.241870783429058633e+01
