5.886051443897639501e+01
5.886546393093261287e+01
3.671676342416554206e+01
4.571019664028641216e+01
4.209455145076707794e+01
4.009556019484934808e+01
3.912746834487532510e+01
5.888498197857927607e+01
4.511013090622462585e+01
4.522091487573960222e+01
4.137351922109974112e+01
4.052844506680391135e+01
3.879724798122316543e+01
4.431885542590958238e+01
7.793344453726578536e+01
5.761766168881354133e+01
3.886895174198687641e+01
3.757843345954412939e+01
7.045903303567229159e+01
4.935647900601578186e+01
5.857926371436651181e+01
6.113484311477732547e+01
5.634594362098923170e+01
8.055281103893432260e+01
3.643232092327821192e+01
4.849221121382299771e+01
5.635871628713410786e+01
5.131372230876447560e+01
5.546889046259955336e+01
4.383220238100955157e+01
5.676624484713677532e+01
4.151565204420724342e+01
5.911630744306278729e+01
3.683298926222844472e+01
4.536230053924459327e+01
5.844762063418569653e+01
5.663075378486643530e+01
5.446430563416102189e+01
5.577308715761137847e+01
5.886702906048721218e+01
6.963073989561262067e+01
4.741946828647074597e+01
5.886095978889703417e+01
5.685607288489458000e+01
5.888392331429595572e+01
3.989081441922739657e+01
5.150595402828743374e+01
4.298274909568134206e+01
4.370341387863027904e+01
6.026043472325382311e+01
4.641631224305900361e+01
5.787363655291638764e+01
4.779057288672522930e+01
4.414040335176756713e+01
4.284194216600100447e+01
5.602252277668989677e+01
5.467518056953953476e+01
4.576873167654098040e+01
4.630721389279734268e+01
4.461379771296053320e+01
5.886584808127933144e+01
5.885564915736198088e+01
5.138430454460802110e+01
5.885723650538071894e+01
3.570486288574210931e+01
7.620533815910481223e+01
5.885613355188068851e+01
4.746247832279340173e+01
4.658842632334090439e+01
3.896270103578853394e+01
5.552593449629129907e+01
5.703419528781233083e+01
7.569472525163800469e+01
4.314120121879063419e+01
4.666834177151006458e+01
4.994400626416631894e+01
5.710959585013802098e+01
5.319065200969864549e+01
4.453374549857564091e+01
5.888498197857927607e+01
5.888551523788579800e+01
7.569524877406131225e+01
3.989483729106323295e+01
6.829734429299409726e+01
4.447108330786845443e+01
5.886008802710340859e+01
5.886404308890735848e+01
5.888658944494908809e+01
5.363479923399663818e+01
4.816173725546346418e+01
4.530162920530345616e+01
4.440933257758192099e+01
4.423183478226093257e+01
4.537578144660945867e+01
6.855397227242588087e+01
7.532444268632578144e+01
3.859913962273205357e+01
4.446657024020733928e+01
4.179754494411611176e+01
5.664159269582876988e+01
