-4.477759351348265859e+00
2.772335782310274865e+01
-5.355371519289308324e+00
-5.356710181425727413e+00
2.018213983962364111e+01
3.589268505581338076e+01
3.009796592750600297e+01
2.244653787188882887e+01
4.371814905526931305e+00
-5.264055741349972450e+00
-5.328855612075269477e+00
-4.644796646837769494e+00
-5.306789434247106030e+00
-5.277431728772942421e+00
-4.618716982323239684e+00
3.468674230787538448e+01
3.530655023991518249e+01
3.932344375994747310e+01
-4.965515316082362851e+00
4.047379662383039545e+01
4.238711988523056107e+01
4.322107808637763071e+01
4.519373940868927519e+01
4.605456307284594430e+01
4.519659385235627980e+01
4.543058364689382955e+01
4.695706760148649295e+01
4.721081171095777762e+01
4.703319248061092850e+01
4.945915980984899107e+01
4.756198115356507117e+01
4.782518736384623281e+01
4.781883266555784218e+01
4.786616059893513864e+01
4.796523682180568926e+01
4.814276167473072121e+01
4.831816315183385058e+01
4.877887814291376856e+01
4.895945018893706191e+01
4.896135815844450434e+01
4.934164610431038511e+01
4.948051128037715785e+01
5.008932308996470795e+01
4.951639946337811438e+01
4.961226448686077362e+01
5.009287585970126599e+01
5.026855981499938508e+01
5.055648759313660179e+01
5.057933064932468881e+01
5.070449851916725237e+01
5.077754205800970766e+01
5.083001286020261489e+01
5.099521155043115073e+01
5.128558520512935104e+01
5.130477985235467031e+01
5.135797626503179458e+01
5.143335297218320790e+01
5.143876872664681343e+01
5.175836260130209610e+01
5.247724089012447024e+01
