-5.730099782973574030e+00
3.917991706964763665e+01
2.126990021702642508e+01
2.126990021702642508e+01
3.917991706964763665e+01
4.801354799471556589e+01
3.026990021702642508e+01
3.919185751001955964e+01
2.126990021702642508e+01
2.126990021702642508e+01
5.714492807779757300e+01
6.613070308686621956e+01
5.714492807779757300e+01
6.613070308686621956e+01
7.519486503108350917e+01
5.714492807779757300e+01
5.714492807779757300e+01
5.714492807779757300e+01
5.714492807779757300e+01
5.714492807779757300e+01
5.714492807779757300e+01
5.714492807779757300e+01
5.714492807779757300e+01
5.714492807779757300e+01
5.715935834262660364e+01
6.613070308686621956e+01
5.715935834262660364e+01
5.714492807779757300e+01
5.714492807779757300e+01
7.519486503108350917e+01
5.714492807779757300e+01
5.714492807779757300e+01
5.714492807779757300e+01
5.714492807779757300e+01
5.714492807779757300e+01
5.714492807779757300e+01
5.714492807779757300e+01
5.714492807779757300e+01
5.714492807779757300e+01
5.714492807779757300e+01
