-9.264726526647441673e+00
-7.731615899733180086e+00
4.279180638082439003e+01
3.406281655664886898e+01
-9.265689603249377626e+00
-5.222554815404808259e+00
4.278653237134231091e+01
3.406281655664886898e+01
-9.264726526647441673e+00
4.278653237134231091e+01
3.406281655664886898e+01
-7.632870821069305478e+00
3.406281655664886898e+01
-7.731615899733180086e+00
-8.461428802344334699e+00
4.704816478977999594e+01
4.426091027040360615e+01
4.726788344984543500e+01
4.451294164763965711e+01
5.238342914632163172e+01
5.436353817701305502e+01
5.547051274339425930e+01
5.508856724238472680e+01
5.512407994356135532e+01
5.265115621238131638e+01
4.551080451780065061e+01
5.534576195699691681e+01
5.515207075467317566e+01
5.529341831330038559e+01
5.538735338494892346e+01
5.505905855329790199e+01
5.542480294304135668e+01
5.547984750756567962e+01
5.548270094075418513e+01
5.555168652517824057e+01
5.548282960642667661e+01
5.558727838557702228e+01
5.559309592183799964e+01
5.559171805187892801e+01
5.559413159880153898e+01
5.560587781778029637e+01
5.560647357913755684e+01
5.559605997806217204e+01
5.560734239420329317e+01
5.560734239420329317e+01
5.560875150713897597e+01
5.561059988550825750e+01
5.560734239420329317e+01
5.561456460486100895e+01
5.561522348221379275e+01
5.561470455349195419e+01
5.561723708784816012e+01
5.561723708784816012e+01
5.561801227656378899e+01
5.561925828667989435e+01
5.561737445713443861e+01
5.561928996061512720e+01
5.561928996061512720e+01
5.561967152005068726e+01
5.561967152005068726e+01
5.561967152005068726e+01
5.561967152005068726e+01
5.561980888933696576e+01
5.562048538568038225e+01
5.562048538568038225e+01
5.562062822342501534e+01
5.562180585403428523e+01
5.562339243410441014e+01
5.562390952556911117e+01
5.562484365995704394e+01
5.562996211938713031e+01
5.564237740146990063e+01
5.566512029514505144e+01
5.572464450915482814e+01
5.572796061602235085e+01
5.578411724077692213e+01
5.607221373259942254e+01
5.584936800794015710e+01
5.608812302980969378e+01
5.579375721802309585e+01
