3.269900217026425970e+00
3.907041085661010271e+01
3.024425778641308682e+01
3.256996812190517510e+00
3.925699681219051485e+01
-5.117993812416755439e+00
-5.986452005284437661e+00
8.441858578874553132e+01
-5.749392985908253095e+00
6.625699681219052195e+01
9.487603602059674301e+01
9.487603602059674301e+01
9.487603602059674301e+01
9.483521402607648554e+01
9.487603602059674301e+01
9.487603602059674301e+01
9.487603602059674301e+01
9.487603602059674301e+01
9.487603602059674301e+01
9.487603602059674301e+01
9.487603602059674301e+01
9.394772657195336762e+01
9.487603602059674301e+01
9.487603602059674301e+01
9.483521402607648554e+01
9.494375419465168875e+01
9.487603602059674301e+01
9.483521402607648554e+01
9.487603602059674301e+01
9.487603602059674301e+01
9.487603602059674301e+01
9.481821644970791851e+01
9.481821644970791851e+01
9.487603602059674301e+01
9.478506424239101591e+01
9.487603602059674301e+01
9.487603602059674301e+01
9.487603602059674301e+01
9.481821644970791851e+01
9.487603602059674301e+01
