6.604935744741227666e+01
-2.708050201102210064e+00
5.725379680945984973e+01
-5.746203190540152939e+00
6.626665872310225325e+01
5.725379680945984973e+01
-5.680172609017067664e+00
-5.736572297479192173e+00
-3.496507561466480229e+00
4.780492294823893040e+00
9.418001907417188079e+01
9.418001907417188079e+01
9.418001907417188079e+01
9.418001907417188079e+01
9.418001907417188079e+01
9.418001907417188079e+01
9.418001907417188079e+01
9.418001907417188079e+01
9.418001907417188079e+01
9.418001907417188079e+01
9.418001907417188079e+01
9.418001907417188079e+01
9.418001907417188079e+01
9.418001907417188079e+01
9.418001907417188079e+01
9.418001907417188079e+01
9.418001907417188079e+01
9.418001907417188079e+01
9.418001907417188079e+01
9.418001907417188079e+01
9.418001907417188079e+01
9.418001907417188079e+01
9.418001907417188079e+01
9.418001907417188079e+01
9.418001907417188079e+01
9.418001907417188079e+01
9.418001907417188079e+01
9.418001907417188079e+01
9.418001907417188079e+01
9.418001907417188079e+01
