-5.771441123130015782e+00
-5.743003187809482490e+00
-5.802118375377062875e+00
-5.820082930352361572e+00
-5.752572638825633078e+00
4.023266257579425798e+00
3.228558876869984218e+00
-5.823045895483018874e+00
-5.153291594497779293e+00
-5.739792912179233930e+00
-5.752572638825633078e+00
8.127088651922319329e+00
-5.752572638825633078e+00
-6.023447592961033159e+00
-5.783825182329737302e+00
5.311973146561938108e+01
5.311973146561938108e+01
5.311973146561938108e+01
5.311973146561938108e+01
5.311973146561938108e+01
5.311973146561938108e+01
5.311973146561938108e+01
5.311973146561938108e+01
5.311973146561938108e+01
5.311973146561938108e+01
5.311973146561938108e+01
5.311973146561938108e+01
5.311973146561938108e+01
5.311973146561938108e+01
5.311973146561938108e+01
5.311973146561938108e+01
5.311973146561938108e+01
5.311973146561938108e+01
5.311973146561938108e+01
5.311973146561938108e+01
5.311973146561938108e+01
5.311973146561938108e+01
5.311973146561938108e+01
5.311973146561938108e+01
5.311973146561938108e+01
5.311973146561938108e+01
5.311973146561938108e+01
5.311973146561938108e+01
5.311973146561938108e+01
5.311973146561938108e+01
5.311973146561938108e+01
5.311973146561938108e+01
5.311973146561938108e+01
5.311973146561938108e+01
5.311973146561938108e+01
5.311973146561938108e+01
5.311973146561938108e+01
5.311973146561938108e+01
5.311973146561938108e+01
5.311973146561938108e+01
5.311973146561938108e+01
5.311973146561938108e+01
5.311973146561938108e+01
5.311973146561938108e+01
5.311973146561938108e+01
5.311973146561938108e+01
5.311973146561938108e+01
5.311973146561938108e+01
5.311973146561938108e+01
5.311973146561938108e+01
5.311973146561938108e+01
5.311973146561938108e+01
5.311973146561938108e+01
5.311973146561938108e+01
5.311973146561938108e+01
5.311973146561938108e+01
5.311973146561938108e+01
5.311973146561938108e+01
5.311973146561938108e+01
5.311973146561938108e+01
5.311973146561938108e+01
5.311973146561938108e+01
5.311973146561938108e+01
5.311973146561938108e+01
5.311973146561938108e+01
