3.033853260876307800e+00
3.083797937392565025e+00
-5.730099782973574030e+00
2.976552407038966841e+00
-5.802118375377062875e+00
-6.343880434126330847e+00
-5.993961427306569334e+00
2.613120680637354809e+00
-5.834810737062604780e+00
3.240472664502958366e+01
8.020793993272697264e+00
-5.730099782973574030e+00
-5.765191102784844368e+00
2.271638331842970260e+01
-6.023447592961033159e+00
5.303115714938529379e+01
5.303115714938529379e+01
5.303115714938529379e+01
5.303115714938529379e+01
5.303115714938529379e+01
5.303115714938529379e+01
5.303115714938529379e+01
5.303115714938529379e+01
5.303115714938529379e+01
5.303115714938529379e+01
5.303115714938529379e+01
5.303115714938529379e+01
5.303115714938529379e+01
5.303115714938529379e+01
5.303115714938529379e+01
5.303115714938529379e+01
5.303115714938529379e+01
5.303115714938529379e+01
5.303115714938529379e+01
5.303115714938529379e+01
5.303115714938529379e+01
5.303115714938529379e+01
5.303115714938529379e+01
5.303115714938529379e+01
5.303115714938529379e+01
5.303115714938529379e+01
5.303115714938529379e+01
5.303115714938529379e+01
5.303115714938529379e+01
5.303115714938529379e+01
5.303115714938529379e+01
5.303115714938529379e+01
5.303115714938529379e+01
5.303115714938529379e+01
5.303115714938529379e+01
5.303115714938529379e+01
5.303115714938529379e+01
5.303115714938529379e+01
5.303115714938529379e+01
5.303115714938529379e+01
5.303115714938529379e+01
5.303115714938529379e+01
5.303115714938529379e+01
5.303115714938529379e+01
5.303115714938529379e+01
5.303115714938529379e+01
5.303115714938529379e+01
5.303115714938529379e+01
5.303115714938529379e+01
5.303115714938529379e+01
5.303115714938529379e+01
5.303115714938529379e+01
5.303115714938529379e+01
5.303115714938529379e+01
5.303115714938529379e+01
5.303115714938529379e+01
5.303115714938529379e+01
5.303115714938529379e+01
5.303115714938529379e+01
5.303115714938529379e+01
5.303115714938529379e+01
5.303115714938529379e+01
5.303115714938529379e+01
5.303115714938529379e+01
5.303115714938529379e+01
