7.690703451649062572e+01
7.797313275114606768e+01
5.604463464753454360e+01
5.446272614908566112e+01
4.391840874169066922e+01
5.886095978889703417e+01
6.074944522512946321e+01
3.793325319113368721e+01
5.399331232290331428e+01
5.628323595560161863e+01
4.365787138717896454e+01
4.255736393044504240e+01
5.230315343700433317e+01
3.843019859717180964e+01
5.886051443897639501e+01
5.615659666887790280e+01
3.427060606788529640e+01
5.700042160075282993e+01
5.752971199186767137e+01
4.675571385273247671e+01
6.110263929297781260e+01
7.718210859281128933e+01
6.046498810701697835e+01
5.995340037088580942e+01
5.056298884699670282e+01
5.994184753631280671e+01
5.865652339502423729e+01
7.115888254439417437e+01
7.607068958301249495e+01
7.800746327151753690e+01
7.785419066892653461e+01
6.002174708552886528e+01
4.197218402832762507e+01
5.828093761140169704e+01
6.028063981847338937e+01
7.586597187968595790e+01
7.491570626722777604e+01
5.828423967606244105e+01
5.585427088122293782e+01
7.769394715524084916e+01
4.255777905471251188e+01
5.548830078200170135e+01
5.417501625251601638e+01
4.205601351173036306e+01
7.230977624868721421e+01
4.861199594157137938e+01
7.667002249340913522e+01
7.330926704452825504e+01
7.341326324403527792e+01
5.886095978889703417e+01
7.785266656419449305e+01
5.114646168532358672e+01
7.362155736755833857e+01
7.610787598594673398e+01
7.456442115257645753e+01
4.241206160315265805e+01
4.654956367216071556e+01
7.397734243885993521e+01
6.198575309679173984e+01
5.201886682877847790e+01
7.551509894734238060e+01
5.779698803067030610e+01
5.826013584371436593e+01
7.320598961599962706e+01
3.015038798193479863e+01
7.702008716051152248e+01
5.747556077186823842e+01
6.387590654535747348e+01
4.987323367919692885e+01
4.161028485190985293e+01
5.820125265585923557e+01
7.347441278634207151e+01
7.381730325721224517e+01
7.775427655153026762e+01
7.393465436165095639e+01
5.197491662994084294e+01
5.832622563964046947e+01
7.578809731839911024e+01
5.671091938498722129e+01
7.362510220147868267e+01
7.785406252042737663e+01
7.792105527335321824e+01
7.580296720224447427e+01
7.460726238311163172e+01
4.725561582714956899e+01
7.660353132295041689e+01
5.769451091941395759e+01
4.747036087437717100e+01
5.886190828078084536e+01
7.789413492258579197e+01
4.625601347120233697e+01
4.265377042969486610e+01
7.293788115638700731e+01
5.622334301507282817e+01
7.660556844018459799e+01
7.320470601790087528e+01
7.803188430486882510e+01
7.554495263774219893e+01
7.623163068300644341e+01
5.264552142575475102e+01
