1.709654120537475563e+00
4.919797060203937633e+01
-2.946653295585996535e+00
3.939759518893362156e+01
1.832456198930059799e+01
-5.279098985295700430e+00
3.617403690920069437e+01
2.600910826883936267e+01
-5.283085918624566446e+00
-1.456245895473940344e+00
3.809252769931042337e+01
-5.257417592491478331e+00
-5.274251105128985984e+00
-2.914189748299823801e+00
-5.280363436642529607e+00
6.643150677463604836e+01
6.643150677463604836e+01
6.643150677463604836e+01
6.643150677463604836e+01
6.643150677463604836e+01
6.643150677463604836e+01
6.643150677463604836e+01
6.643150677463604836e+01
6.643150677463604836e+01
6.643150677463604836e+01
6.643150677463604836e+01
6.643150677463604836e+01
6.643150677463604836e+01
6.643150677463604836e+01
6.643150677463604836e+01
6.643150677463604836e+01
6.643150677463604836e+01
6.643150677463604836e+01
6.643150677463604836e+01
6.643150677463604836e+01
6.643150677463604836e+01
6.643150677463604836e+01
6.643150677463604836e+01
6.643150677463604836e+01
6.643150677463604836e+01
6.643150677463604836e+01
6.643150677463604836e+01
6.643150677463604836e+01
6.643150677463604836e+01
6.643150677463604836e+01
6.643150677463604836e+01
6.643150677463604836e+01
6.643150677463604836e+01
6.643150677463604836e+01
6.643150677463604836e+01
6.643150677463604836e+01
6.643150677463604836e+01
6.643150677463604836e+01
6.643150677463604836e+01
6.643150677463604836e+01
6.643150677463604836e+01
6.643150677463604836e+01
6.643150677463604836e+01
6.643150677463604836e+01
6.643150677463604836e+01
