2.260766709492490634e+01
-5.993961427306569334e+00
-5.730099782973574030e+00
3.237948617219823078e+00
-5.752572638825633078e+00
-5.743003187809482490e+00
-6.023447592961033159e+00
-5.771441123130015782e+00
-5.752572638825633078e+00
1.794301668633137581e+01
-5.730099782973574030e+00
-5.752572638825633078e+00
-5.752572638825633078e+00
-6.023447592961033159e+00
1.306695976713109530e+01
5.313513357073517085e+01
5.313513357073517085e+01
5.313513357073517085e+01
5.313513357073517085e+01
5.313513357073517085e+01
5.313513357073517085e+01
5.313513357073517085e+01
5.313513357073517085e+01
5.313513357073517085e+01
5.313513357073517085e+01
5.313513357073517085e+01
5.313513357073517085e+01
5.313513357073517085e+01
5.313513357073517085e+01
5.313513357073517085e+01
5.313513357073517085e+01
5.313513357073517085e+01
5.313513357073517085e+01
5.313513357073517085e+01
5.313513357073517085e+01
5.313513357073517085e+01
5.313513357073517085e+01
5.313513357073517085e+01
5.313513357073517085e+01
5.313513357073517085e+01
5.313513357073517085e+01
5.313513357073517085e+01
5.313513357073517085e+01
5.313513357073517085e+01
5.313513357073517085e+01
5.313513357073517085e+01
5.313513357073517085e+01
5.313513357073517085e+01
5.313513357073517085e+01
5.313513357073517085e+01
5.313513357073517085e+01
5.313513357073517085e+01
5.313513357073517085e+01
5.313513357073517085e+01
5.313513357073517085e+01
5.313513357073517085e+01
5.313513357073517085e+01
5.313513357073517085e+01
5.313513357073517085e+01
5.313513357073517085e+01
5.313513357073517085e+01
5.313513357073517085e+01
5.313513357073517085e+01
5.313513357073517085e+01
5.313513357073517085e+01
5.313513357073517085e+01
5.313513357073517085e+01
5.313513357073517085e+01
5.313513357073517085e+01
5.313513357073517085e+01
5.313513357073517085e+01
5.313513357073517085e+01
5.313513357073517085e+01
5.313513357073517085e+01
5.313513357073517085e+01
5.313513357073517085e+01
5.313513357073517085e+01
5.313513357073517085e+01
5.313513357073517085e+01
5.313513357073517085e+01
