3.406281655664886898e+01
3.407537573802166975e+01
3.406281655664886898e+01
-5.222554815404808259e+00
4.278881722710347191e+01
-1.248833304689802048e+01
-9.109151149708829109e+00
4.276918681527407529e+01
-9.071735273291299251e+00
-7.833644014554101531e+00
-7.779857723577858764e+00
3.407175025213707897e+01
-8.645081941561457484e+00
-8.226018342315887466e+00
-5.222554815404808259e+00
3.423391535819341414e+01
4.504891047867144493e+01
4.646099556411975584e+01
4.363597534073694817e+01
4.256507802684372166e+01
4.256927663293614472e+01
4.236991626055960580e+01
4.274486026137012828e+01
4.323247267828168106e+01
4.833010391622860880e+01
4.286768501281723331e+01
4.306003341210497837e+01
3.500846728965255750e+01
4.567430804053204696e+01
4.743220020747767052e+01
4.727538680450491171e+01
4.806685825259847888e+01
4.315097347916123027e+01
4.744210563720638874e+01
4.472799929007960174e+01
4.669310746059347395e+01
4.675891442283731436e+01
4.854300029154249074e+01
4.862062323152449039e+01
4.880594733824879228e+01
5.017162149936859095e+01
4.892879990621181463e+01
5.106186476805244467e+01
5.123864261397608999e+01
5.189483258874818006e+01
5.142954215800250495e+01
5.175159291331116407e+01
5.193621472343308199e+01
5.219839070935520908e+01
5.200075220723044112e+01
5.242172120815174452e+01
5.269285984414916868e+01
5.281396939276082492e+01
5.275564006258687044e+01
5.289146463037773316e+01
5.325974753869384415e+01
5.326287624461915016e+01
5.375501303669565800e+01
5.389795096339371128e+01
5.396387380645994369e+01
5.402841683180726307e+01
5.411292147704475042e+01
5.407611595735228605e+01
5.422450957358726242e+01
5.460719554533891795e+01
5.471832310586874115e+01
5.477954805730729504e+01
5.480195820039134702e+01
5.487965537204425459e+01
5.489863205545259461e+01
5.518489780911785658e+01
5.524114677326632972e+01
5.547021694183847274e+01
5.549539949014631901e+01
5.670501372227769821e+01
5.608472507534538209e+01
5.549581625858191103e+01
5.591479975800884006e+01
5.573808499820511031e+01
5.641150312557566338e+01
