7.580908453851938589e+01
5.845268986822052426e+01
5.293918111079977251e+01
7.390142923719895407e+01
7.539730977215221230e+01
7.628316579813049714e+01
7.569434990186755385e+01
7.258482450238707884e+01
7.314929200844483148e+01
5.847443347568800220e+01
7.597950979873733957e+01
5.352645845503631961e+01
7.306419462817217436e+01
5.839154438129600777e+01
5.661825435727785560e+01
7.867964517401445335e+01
5.422551551092482214e+01
7.565732280443096158e+01
7.893961713616191389e+01
5.483702163033906629e+01
5.863906510548115136e+01
6.097519155619646369e+01
7.583733002671303325e+01
5.840843785331204430e+01
5.843886324361145057e+01
5.919112363052781234e+01
5.936809534731810345e+01
7.513142966831023273e+01
7.766908681202735920e+01
7.714055225122359616e+01
4.825616899795822690e+01
7.450148966351511604e+01
7.418951188688920695e+01
7.640641940247660102e+01
7.554170539288311659e+01
7.478330322071518310e+01
7.381010215829940080e+01
5.791898844694526360e+01
7.607254833137906758e+01
7.317570527600294383e+01
7.839811476350740804e+01
7.844425015791122746e+01
5.392212868885115284e+01
7.228898843898407733e+01
7.724784346500939591e+01
5.842765712524985844e+01
7.587776309178698853e+01
5.418544010639958941e+01
7.743129970925359373e+01
7.576463627769136622e+01
5.609312408535104311e+01
7.659052978477535589e+01
7.524814988572211405e+01
7.210986032559094383e+01
7.283563281473867335e+01
7.415347527872934563e+01
5.295765892239788286e+01
6.037295846215884865e+01
6.120291420673064664e+01
4.534848908814467450e+01
7.212036960661582441e+01
6.286450204033420164e+01
7.604344801290861255e+01
5.846051880270285750e+01
7.591588957100319135e+01
5.443368402238507286e+01
5.766697346856667394e+01
5.655053229741217535e+01
6.102731010531300626e+01
7.520812067030888670e+01
7.499811629505271071e+01
7.560100737113462799e+01
7.506977614791763642e+01
7.127113475522403974e+01
7.509753616105440699e+01
7.576522336950786496e+01
5.486686578888027555e+01
7.572636851485722786e+01
7.559304960342271329e+01
7.567051903564768622e+01
7.560100737113462799e+01
7.404289172186354051e+01
7.516479509321533214e+01
5.246861987459594445e+01
7.429049430681766353e+01
6.148519945953449906e+01
7.401138239072348313e+01
7.487135003817121515e+01
7.580032239243627146e+01
7.579604737338389953e+01
7.445188338895523827e+01
7.515551609174377745e+01
7.515551609174377745e+01
7.454500439405117618e+01
7.349716135321706645e+01
7.806720190082053534e+01
7.124825152708994835e+01
7.524548323889248991e+01
7.578161223056449103e+01
6.246423292712607633e+01
