3.901354799471556589e+01
-5.986452005284437661e+00
3.901354799471556589e+01
5.701858578874551853e+01
3.901354799471556589e+01
3.228558876869984218e+00
4.798384284030164793e+01
-5.986452005284437661e+00
3.901354799471556589e+01
-5.986452005284437661e+00
6.601354799471556589e+01
6.601354799471556589e+01
6.617991706964764376e+01
6.601354799471556589e+01
6.601354799471556589e+01
6.601354799471556589e+01
6.601354799471556589e+01
6.601354799471556589e+01
6.601354799471556589e+01
6.601354799471556589e+01
6.601354799471556589e+01
6.617991706964764376e+01
6.601354799471556589e+01
6.601354799471556589e+01
6.601354799471556589e+01
6.601354799471556589e+01
6.601354799471556589e+01
6.601354799471556589e+01
6.601354799471556589e+01
6.601354799471556589e+01
6.601354799471556589e+01
6.601354799471556589e+01
6.601354799471556589e+01
6.601354799471556589e+01
6.601354799471556589e+01
6.601354799471556589e+01
6.601354799471556589e+01
6.601354799471556589e+01
6.601354799471556589e+01
6.601354799471556589e+01
