6.079950598696474628e+01
7.757233472864976420e+01
4.746994091904849000e+01
5.672160274858379125e+01
5.781878876840286807e+01
5.702207891755360691e+01
6.011820733144455886e+01
5.163045333655610847e+01
5.891903871983755892e+01
5.499738245431500161e+01
7.364373624082863046e+01
4.746994091904849000e+01
7.651380872514266684e+01
4.815084526129298581e+01
1.053095707921559310e+01
5.442953004436946429e+01
5.551387260102628574e+01
7.490409770407923418e+01
-6.644316913750995646e+00
5.441723762937785125e+01
7.711841953942666805e+01
7.636083756183192861e+01
5.518106580247508930e+01
7.573741028607034309e+01
7.754900972172596596e+01
5.557152643087020039e+01
7.676647000513877117e+01
6.032419725586524351e+01
6.076516001984376203e+01
7.493268794331284255e+01
7.726640840472407490e+01
6.313312843805490360e+01
7.399202792436818754e+01
7.603077083057836205e+01
7.627385469323314737e+01
7.627068684152882838e+01
7.693342109013805441e+01
7.584443564178182839e+01
7.667918302473040626e+01
7.667121382787735229e+01
7.536633470144919045e+01
4.881879443648543315e+01
6.227867145604872690e+01
7.759354792744775864e+01
5.471530440647220672e+01
6.321432563477537059e+01
7.811664371687056985e+01
5.418715850479843255e+01
7.722349798412855648e+01
7.545003230882979040e+01
7.584763389025671643e+01
7.632264792072345472e+01
5.677040968728537962e+01
7.629295621191178611e+01
5.540469085996532783e+01
5.600395611597842560e+01
6.293569282974732459e+01
5.648585632905825094e+01
5.668034901496103828e+01
7.432451012136561985e+01
7.712337383725588325e+01
6.318998807471754731e+01
6.035249529348300257e+01
5.912175087074628976e+01
6.125638665390944482e+01
5.001989485762789656e+01
5.618433426866044300e+01
5.571087878128546578e+01
7.712147926210830917e+01
7.544390128870077206e+01
6.116403866951486634e+01
7.712144395620011039e+01
5.242272032437529816e+01
7.701802071403170658e+01
7.268228806912782147e+01
7.828980797775534484e+01
7.643033668179722895e+01
7.472978549651207913e+01
5.665199024036460429e+01
7.661099373325858153e+01
7.302859994783268860e+01
7.848821537383220459e+01
5.986442993239744226e+01
7.334090815830769827e+01
5.776917365941800142e+01
5.959796047689268050e+01
6.401534326019218213e+01
6.197327451926141606e+01
7.836957455352475677e+01
7.472921602537347496e+01
6.002384756918333153e+01
6.122812966618869979e+01
7.697173744276881280e+01
7.863315851893159447e+01
7.698113922097107320e+01
5.832358575566352243e+01
5.848393115462201308e+01
7.317777660348696145e+01
5.588123234373735215e+01
5.459803270510600015e+01
