4.520613373294438730e+01
4.251287411081789713e+01
3.974889669604202425e+01
4.313577476631082419e+01
8.947683791304241296e+00
4.316159905042067635e+01
4.316805519952981030e+01
4.307379251651205720e+01
4.312063140358259261e+01
4.313618779466719388e+01
4.316482186070071236e+01
4.316482186070071236e+01
4.251553061545227763e+01
4.366524363260570851e+01
3.916828058007730817e+01
4.776350760807645202e+01
3.704630087315182152e+01
4.040933469802780564e+01
4.060703286974396065e+01
4.589047052870652266e+01
4.328394021278592163e+01
4.317380163509868396e+01
4.311336816476718070e+01
4.281020746997596405e+01
4.527551683372966806e+01
4.307303339536100850e+01
4.127518790828818140e+01
4.306179484299874360e+01
4.317982407125580124e+01
3.725976697249276270e+01
4.194753457089414894e+01
4.313997733974718329e+01
4.316505371125806079e+01
4.316938466430981691e+01
4.316610193226140524e+01
4.273391746599994434e+01
4.320763471689073043e+01
4.526855579486592518e+01
4.528165475270346008e+01
4.316817828232974819e+01
4.316928733878683744e+01
4.317694593416835858e+01
4.317263108796824866e+01
4.406901731336314043e+01
4.537121910589564067e+01
4.121329444723988900e+01
4.586254373100216952e+01
4.727069567577123621e+01
4.310531656351081864e+01
4.312993578723555999e+01
4.214503862800076206e+01
4.393775999936958954e+01
4.487351840986956830e+01
4.246609576676529940e+01
4.724402104783005996e+01
4.419787853685517831e+01
4.493697778250833608e+01
4.310531656351081864e+01
4.309925667556690598e+01
4.281246384154334805e+01
4.530519732947113454e+01
4.531434199660986906e+01
4.316320783861858956e+01
4.311141397123558505e+01
4.530369588675839054e+01
4.530519732947113454e+01
4.489397164580808663e+01
4.529493089774640424e+01
4.529493089774640424e+01
4.530542960335407798e+01
4.061399059679491330e+01
4.520513903892148733e+01
4.529493089774640424e+01
4.214943895715084210e+01
4.529493089774640424e+01
4.519605659738546422e+01
4.530519732947113454e+01
4.523380495028253279e+01
4.529178147095461782e+01
4.368177452328628618e+01
4.529493089774640424e+01
4.527618532544253327e+01
4.333477248819168182e+01
4.530519732947113454e+01
4.530782395095771165e+01
4.530688559573658836e+01
4.522570335489422177e+01
4.528165475270346008e+01
4.531726609787940419e+01
4.530542960335407798e+01
4.523011758177039354e+01
4.527309588528441253e+01
4.533102625510120731e+01
4.672216477648037625e+01
4.582481691795960899e+01
4.776559322393745077e+01
4.727737709827886192e+01
4.432431624568252460e+01
4.588269000278992138e+01
4.672057524118471150e+01
