-5.826000107380449933e+00
-5.826000107380449933e+00
-6.263398262591623578e+00
3.575049982518597069e+00
-5.828945617610207464e+00
-5.828945617610207464e+00
-6.263398262591623578e+00
-5.823045895483018874e+00
1.319597895526674236e+01
-5.826000107380449933e+00
8.899342407327507942e+01
8.899342407327507942e+01
8.899342407327507942e+01
8.899342407327507942e+01
8.899342407327507942e+01
8.899342407327507942e+01
8.899342407327507942e+01
8.899342407327507942e+01
8.899342407327507942e+01
8.899342407327507942e+01
8.899342407327507942e+01
8.899342407327507942e+01
8.899342407327507942e+01
8.899342407327507942e+01
8.899342407327507942e+01
8.899342407327507942e+01
8.899342407327507942e+01
8.899342407327507942e+01
8.899342407327507942e+01
8.899342407327507942e+01
8.899342407327507942e+01
8.899342407327507942e+01
8.899342407327507942e+01
8.899342407327507942e+01
8.899342407327507942e+01
8.899342407327507942e+01
8.899342407327507942e+01
8.899342407327507942e+01
8.899342407327507942e+01
8.899342407327507942e+01
