-5.736572297479192173e+00
-2.708050201102210064e+00
2.119788162462293712e+01
-6.056784013228624808e+00
-2.772588722239781145e+00
6.621617481767026447e+01
2.104935744741227310e+01
6.626665872310225325e+01
-5.690359454324060096e+00
7.563402398497814261e+01
9.418001907417188079e+01
9.418001907417188079e+01
9.418001907417188079e+01
9.418001907417188079e+01
9.418001907417188079e+01
9.418001907417188079e+01
9.418001907417188079e+01
9.418001907417188079e+01
9.418001907417188079e+01
9.418001907417188079e+01
9.418001907417188079e+01
9.418001907417188079e+01
9.418001907417188079e+01
9.418001907417188079e+01
9.418001907417188079e+01
9.418001907417188079e+01
9.418001907417188079e+01
9.418001907417188079e+01
9.418001907417188079e+01
9.418001907417188079e+01
9.418001907417188079e+01
9.418001907417188079e+01
9.418001907417188079e+01
9.418001907417188079e+01
9.418001907417188079e+01
9.418001907417188079e+01
9.418001907417188079e+01
9.418001907417188079e+01
9.418001907417188079e+01
9.418001907417188079e+01
