3.406281655664886898e+01
2.974247788024589312e+01
3.406281655664886898e+01
3.406281655664886898e+01
3.406281655664886898e+01
3.406281655664886898e+01
3.406281655664886898e+01
4.450014147150865540e+01
4.236234290296834359e+01
3.224717131982574614e+01
3.406281655664886898e+01
3.406281655664886898e+01
3.406281655664886898e+01
3.406281655664886898e+01
3.406281655664886898e+01
4.365220736792832668e+01
5.375076992147958777e+01
5.452721044661640093e+01
5.469753839683404806e+01
5.475539601489077057e+01
5.394878912468713850e+01
5.544835845915741857e+01
5.535491835203542621e+01
5.589176752985564178e+01
5.549897818659874815e+01
5.539647884169881564e+01
5.574671050890837165e+01
5.579194391010877752e+01
5.563851937919867652e+01
5.558027238308569906e+01
5.568048499579158062e+01
5.594953417369848125e+01
5.596584594869194262e+01
5.651669045732528929e+01
5.603914283997873724e+01
5.630373063699330771e+01
5.635783423789187196e+01
5.642342692780920288e+01
5.614320369878643646e+01
5.611000288913355405e+01
5.627296254580114265e+01
5.636612269240163187e+01
5.605169422730995166e+01
5.612910727569347102e+01
5.652445702549886164e+01
5.647069231793363286e+01
5.597522112348525525e+01
5.462108235554030244e+01
5.656832166355582814e+01
5.661366903603592249e+01
5.684671020335736102e+01
5.667109983935419137e+01
5.690509499961449080e+01
5.692218038570526772e+01
5.694628785326310094e+01
5.695328075963998060e+01
5.695444765267782827e+01
5.696840872489298846e+01
5.707327305206735701e+01
5.709031790754471558e+01
5.716962261834881787e+01
5.722479058300528010e+01
5.735992162207445944e+01
5.745691930331651776e+01
5.754533609659414850e+01
5.758343040193947360e+01
5.772078154034687003e+01
5.783952797509311949e+01
5.790704412974884008e+01
5.821312171527156920e+01
5.804331511564247847e+01
5.823832240184601972e+01
5.850856576063740988e+01
5.955080066979554942e+01
5.955565915469124150e+01
5.957402239649445619e+01
6.014077071287325538e+01
6.020850947608336412e+01
6.065470420250989747e+01
7.161296381506193143e+01
