-3.773013322719211970e+00
-7.597656013346464121e+00
-5.246059500938635267e+00
-6.861774033673707862e+00
-6.343775683819869116e+00
-6.010210341931786715e+00
-5.990681458021438033e+00
-7.849689683148362462e+00
-6.379548342720296361e+00
-8.040298967137715636e-01
3.360623676131370985e+01
3.360623676131370985e+01
3.360623676131370985e+01
3.360623676131370985e+01
3.360623676131370985e+01
3.360623676131370985e+01
3.360623676131370985e+01
3.360623676131370985e+01
3.360623676131370985e+01
3.360623676131370985e+01
3.360623676131370985e+01
3.360623676131370985e+01
3.360623676131370985e+01
3.360623676131370985e+01
3.360623676131370985e+01
3.360623676131370985e+01
3.360623676131370985e+01
3.360623676131370985e+01
3.360623676131370985e+01
3.360623676131370985e+01
3.360623676131370985e+01
3.360623676131370985e+01
3.360623676131370985e+01
3.360623676131370985e+01
3.360623676131370985e+01
3.360623676131370985e+01
3.360623676131370985e+01
3.360623676131370985e+01
3.360623676131370985e+01
3.360623676131370985e+01
