3.222347676777343572e+00
3.956192069107680709e+01
8.923402398497816534e+01
2.095262782095372245e+01
7.504416263053516900e+01
8.721289246928256489e+01
3.015067522005314160e+01
-5.752572638825633078e+00
7.499858512203884686e+01
-5.752572638825633078e+00
9.020814186652395961e+01
9.020814186652395961e+01
9.020814186652395961e+01
9.020814186652395961e+01
9.020814186652395961e+01
9.020814186652395961e+01
9.020814186652395961e+01
9.020814186652395961e+01
9.020814186652395961e+01
9.020814186652395961e+01
9.020814186652395961e+01
9.020814186652395961e+01
9.020814186652395961e+01
9.020814186652395961e+01
9.020814186652395961e+01
9.020814186652395961e+01
9.020814186652395961e+01
9.020814186652395961e+01
9.020814186652395961e+01
9.020814186652395961e+01
9.020814186652395961e+01
9.020814186652395961e+01
9.020814186652395961e+01
9.020814186652395961e+01
9.020814186652395961e+01
9.020814186652395961e+01
9.037669509194095951e+01
9.037669509194095951e+01
9.037669509194095951e+01
9.020814186652395961e+01
