5.733011907701948218e+01
-2.833213344056216165e+00
5.683668519596535873e+01
8.557617481767029233e+01
-3.465735902799726542e+00
5.778506424239101591e+01
3.911946701359929790e+01
5.534264097200273014e+00
5.739052820481504114e+01
8.627598249381267692e+01
9.418001907417188079e+01
9.418001907417188079e+01
9.418001907417188079e+01
9.418001907417188079e+01
9.418001907417188079e+01
9.418001907417188079e+01
9.418001907417188079e+01
9.418001907417188079e+01
9.418001907417188079e+01
9.418001907417188079e+01
9.418001907417188079e+01
9.418001907417188079e+01
9.418001907417188079e+01
9.418001907417188079e+01
9.418001907417188079e+01
9.418001907417188079e+01
9.418001907417188079e+01
9.418001907417188079e+01
9.418001907417188079e+01
9.418001907417188079e+01
9.418001907417188079e+01
9.418001907417188079e+01
9.418001907417188079e+01
9.418001907417188079e+01
9.418001907417188079e+01
9.418001907417188079e+01
9.418001907417188079e+01
9.418001907417188079e+01
9.418001907417188079e+01
9.418001907417188079e+01
