-5.828945617610207464e+00
-5.826000107380449933e+00
2.088410787451696393e+01
-5.828945617610207464e+00
2.136164533066625637e+01
4.001639337829166720e+01
1.217105438238979254e+01
-5.828945617610207464e+00
-6.263398262591623578e+00
2.116518926293739611e+01
8.588649699436172114e+01
8.588649699436172114e+01
8.615067522005314515e+01
8.588649699436172114e+01
8.588649699436172114e+01
8.615067522005314515e+01
8.588649699436172114e+01
8.588649699436172114e+01
8.615067522005314515e+01
8.615067522005314515e+01
8.615067522005314515e+01
8.588649699436172114e+01
8.615067522005314515e+01
8.615067522005314515e+01
8.615067522005314515e+01
8.588649699436172114e+01
8.615067522005314515e+01
8.588649699436172114e+01
8.588649699436172114e+01
8.615067522005314515e+01
8.588649699436172114e+01
8.588649699436172114e+01
8.615067522005314515e+01
8.588649699436172114e+01
8.615067522005314515e+01
8.588649699436172114e+01
8.588649699436172114e+01
8.588649699436172114e+01
8.615067522005314515e+01
8.615067522005314515e+01
