4.279175011741347845e+01
3.406281655664886898e+01
3.406281655664886898e+01
4.289708389111007847e+01
-8.764574710889933229e+00
3.406281655664886898e+01
3.406281655664886898e+01
-7.731615899733180086e+00
-9.071735273291299251e+00
-7.689853245586403929e+00
-7.632870821069305478e+00
3.406281655664886898e+01
3.406281655664886898e+01
-8.128898275918764682e+00
-7.632870821069305478e+00
3.406281655664886898e+01
4.278447858882413612e+01
5.664458806755386178e+01
5.496069511058087187e+01
5.541723439434622378e+01
5.553924256822797645e+01
5.532569870249960786e+01
5.559069648737358449e+01
5.560375303905519218e+01
5.563718368496863320e+01
5.574019746089177119e+01
5.555692516698147188e+01
5.576290423590717893e+01
5.560663150431231116e+01
5.576872426035472330e+01
5.618448775291415842e+01
5.556802282635607071e+01
5.587657825740891582e+01
5.597661072447323249e+01
5.611143327002615422e+01
5.580518970983529670e+01
5.597989333400560952e+01
5.597460122132775240e+01
5.588869175746481943e+01
5.472119056478784671e+01
5.631510768971669734e+01
5.642654224195028689e+01
5.643038435326591440e+01
5.644934272334235459e+01
4.279099402172097655e+01
5.653395544703829501e+01
5.540974621459716332e+01
5.669357063141276853e+01
5.673755303986923337e+01
5.684855826975964987e+01
5.679779598526777562e+01
5.685948127593445633e+01
5.686581787394909782e+01
5.671574503505120646e+01
5.677663115250739168e+01
5.684644363999411354e+01
5.685668451637460663e+01
5.694156605964482765e+01
5.700988735908790517e+01
5.710273294024337076e+01
5.699168820424061721e+01
5.699164843694814664e+01
5.728072600196446729e+01
5.739726085142559953e+01
5.742320104106904921e+01
5.745314000217570793e+01
5.746940677097943251e+01
5.751775791682430850e+01
5.752197760026003692e+01
5.773407680042604539e+01
5.792450007034261716e+01
5.804456017089754738e+01
5.838190392158855957e+01
5.828983372344380598e+01
5.857676776313334699e+01
5.927990668668086016e+01
7.193682803787561397e+01
5.858323638262645261e+01
7.102950134895947087e+01
6.008482314443374150e+01
