-2.708050201102210064e+00
4.826665872310225325e+01
7.530964054567593280e+01
-2.995732273553990854e+00
5.697172147976930034e+01
6.695014399275046912e+01
-2.708050201102210064e+00
-2.708050201102210064e+00
-2.708050201102210064e+00
4.765893495402740321e+00
9.237289246928256148e+01
9.237289246928256148e+01
9.237289246928256148e+01
9.237289246928256148e+01
9.237289246928256148e+01
9.237289246928256148e+01
9.237289246928256148e+01
9.237289246928256148e+01
9.237289246928256148e+01
9.237289246928256148e+01
9.237289246928256148e+01
9.237289246928256148e+01
9.237289246928256148e+01
9.237289246928256148e+01
9.237289246928256148e+01
9.237289246928256148e+01
9.237289246928256148e+01
9.237289246928256148e+01
9.237289246928256148e+01
9.237289246928256148e+01
9.237289246928256148e+01
9.237289246928256148e+01
9.237289246928256148e+01
9.237289246928256148e+01
9.237289246928256148e+01
9.237289246928256148e+01
9.237289246928256148e+01
9.237289246928256148e+01
9.237289246928256148e+01
9.237289246928256148e+01
