-5.820082930352361572e+00
-5.793013608384144142e+00
3.244257786413087707e+00
-5.826000107380449933e+00
-5.826000107380449933e+00
-5.826000107380449933e+00
6.514987383385449959e+01
-5.424950017481402931e+00
-5.826000107380449933e+00
-6.263398262591623578e+00
8.681791509328337497e+01
8.681791509328337497e+01
8.681791509328337497e+01
8.681791509328337497e+01
8.681791509328337497e+01
8.681791509328337497e+01
8.681791509328337497e+01
8.681791509328337497e+01
8.681791509328337497e+01
8.681791509328337497e+01
8.681791509328337497e+01
8.681791509328337497e+01
8.681791509328337497e+01
8.681791509328337497e+01
8.681791509328337497e+01
8.681791509328337497e+01
8.681791509328337497e+01
8.681791509328337497e+01
8.681791509328337497e+01
8.681791509328337497e+01
8.681791509328337497e+01
8.681791509328337497e+01
8.681791509328337497e+01
8.681791509328337497e+01
8.681791509328337497e+01
8.681791509328337497e+01
8.681791509328337497e+01
8.681791509328337497e+01
8.681791509328337497e+01
8.681791509328337497e+01
