-5.820082930352361572e+00
-5.826000107380449933e+00
-5.826000107380449933e+00
3.013547994715562339e+00
-6.263398262591623578e+00
2.162936197187233844e+01
3.852505523186547265e+00
2.866601957003351409e+00
-5.828945617610207464e+00
-5.826000107380449933e+00
8.921858578874552848e+01
8.921858578874552848e+01
8.921858578874552848e+01
8.921858578874552848e+01
8.921858578874552848e+01
8.921858578874552848e+01
8.921858578874552848e+01
8.921858578874552848e+01
8.921858578874552848e+01
8.921858578874552848e+01
8.921858578874552848e+01
8.921858578874552848e+01
8.921858578874552848e+01
8.921858578874552848e+01
8.921858578874552848e+01
8.921858578874552848e+01
8.921858578874552848e+01
8.921858578874552848e+01
8.921858578874552848e+01
8.921858578874552848e+01
8.921858578874552848e+01
8.921858578874552848e+01
8.921858578874552848e+01
8.921858578874552848e+01
8.921858578874552848e+01
8.921858578874552848e+01
8.921858578874552848e+01
8.921858578874552848e+01
8.921858578874552848e+01
8.921858578874552848e+01
