3.228558876869984218e+00
-6.023447592961033159e+00
-5.720311776607411858e+00
2.274191662043486417e+01
-5.771441123130015782e+00
3.269900217026425970e+00
-5.752572638825633078e+00
-5.129898714923073477e+00
4.051240109621831564e+00
-5.802118375377062875e+00
-5.752572638825633078e+00
-5.771441123130015782e+00
3.228558876869984218e+00
-6.646390514847729136e+00
-5.730099782973574030e+00
5.311538978861369742e+01
5.311538978861369742e+01
5.311538978861369742e+01
5.311538978861369742e+01
5.311538978861369742e+01
5.311538978861369742e+01
5.311538978861369742e+01
5.311538978861369742e+01
5.311538978861369742e+01
5.311538978861369742e+01
5.311538978861369742e+01
5.311538978861369742e+01
5.311538978861369742e+01
5.311538978861369742e+01
5.311538978861369742e+01
5.311538978861369742e+01
5.311538978861369742e+01
5.311538978861369742e+01
5.311538978861369742e+01
5.311538978861369742e+01
5.311538978861369742e+01
5.311538978861369742e+01
5.311538978861369742e+01
5.311538978861369742e+01
5.311538978861369742e+01
5.311538978861369742e+01
5.311538978861369742e+01
5.311538978861369742e+01
5.311538978861369742e+01
5.311538978861369742e+01
5.311538978861369742e+01
5.311538978861369742e+01
5.311538978861369742e+01
5.311538978861369742e+01
5.311538978861369742e+01
5.311538978861369742e+01
5.311538978861369742e+01
5.311538978861369742e+01
5.311538978861369742e+01
5.311538978861369742e+01
5.311538978861369742e+01
5.311538978861369742e+01
5.311538978861369742e+01
5.311538978861369742e+01
5.311538978861369742e+01
5.311538978861369742e+01
5.311538978861369742e+01
5.311538978861369742e+01
5.311538978861369742e+01
5.311538978861369742e+01
5.311538978861369742e+01
5.311538978861369742e+01
5.311538978861369742e+01
5.311538978861369742e+01
5.311538978861369742e+01
5.311538978861369742e+01
5.311538978861369742e+01
5.311538978861369742e+01
5.311538978861369742e+01
5.311538978861369742e+01
5.311538978861369742e+01
5.311538978861369742e+01
5.311538978861369742e+01
5.311538978861369742e+01
5.311538978861369742e+01
