-7.876779488242926064e+00
4.618336286224328546e+01
4.618076236734417250e+01
3.591547862776359779e+01
-8.634345322679418899e+00
3.591547862776359779e+01
-5.257462999537803050e+00
4.618336286224328546e+01
-7.876779488242926064e+00
-5.102541829858223466e+00
3.591547862776359779e+01
-7.876779488242926064e+00
5.812004650551100049e+00
-9.345397072383658355e+00
5.077181537431973624e+01
-7.876779488242926064e+00
-5.258033932401539268e+00
3.591547862776359779e+01
4.618053573501073572e+01
5.077129309519796152e+01
4.654397789549786069e+01
-7.959997854510795889e+00
4.780034361606433180e+01
4.780867522876836517e+01
5.043775276318548606e+01
5.700356609185394063e+01
5.963029359932389184e+01
6.899748766220943708e+01
5.666601901782701844e+01
5.902770423225413055e+01
5.825390873121236268e+01
5.819501862612440135e+01
5.878086743816403725e+01
5.657002115487846083e+01
6.912008200215696263e+01
5.852482589803994983e+01
5.647300305509094898e+01
5.702763989735356631e+01
5.881795580292087067e+01
5.701744219521674495e+01
6.912260535310473131e+01
6.924424291385810193e+01
6.955826473623804418e+01
6.958095854022060678e+01
6.958524849536131285e+01
6.959991884189832945e+01
6.959460038109575919e+01
6.959738837044302784e+01
6.961443061522172115e+01
6.985019215283962524e+01
6.961474164628532435e+01
6.972346909660636527e+01
6.975273481233359973e+01
6.985418054806166310e+01
6.985858421013853103e+01
6.985495120572694816e+01
6.986963318257920719e+01
6.988570686241206431e+01
5.685441380806691569e+01
6.991650097091446980e+01
6.995514923438473431e+01
6.996626439307010514e+01
6.998932563664074280e+01
6.996626439307010514e+01
6.996745155926262782e+01
6.997628677213404558e+01
6.997628677213404558e+01
6.997628677213404558e+01
6.997747393832656826e+01
6.998179998446927641e+01
6.998783212528337572e+01
6.998528875611270905e+01
6.999440887774137821e+01
6.999780178424660448e+01
6.999449091977730575e+01
7.000000555205441799e+01
7.000140691632000767e+01
7.000168650683116311e+01
7.000390677525837191e+01
7.000424174365684848e+01
7.000672526260456152e+01
7.001124199959636485e+01
7.001254418235369315e+01
7.001311757330206831e+01
7.001430755972589282e+01
7.001439408156618072e+01
7.001439408156618072e+01
7.001439408156618072e+01
7.001461539193786621e+01
7.001501777841309604e+01
7.001631624989556713e+01
7.001798796491070220e+01
7.002724898419459976e+01
7.004423655692924910e+01
7.003944851021442730e+01
7.006087860141465740e+01
7.005091152505488594e+01
7.009727719725336215e+01
7.012613048427058970e+01
7.087055518839756019e+01
