2.986193307785138273e+01
-9.277811819007418137e+00
3.406281655664886898e+01
-5.023974505228445686e+00
4.270876830629165255e+01
-7.632870821069305478e+00
-8.604619256612313194e+00
2.980042764328983651e+01
3.406281655664886898e+01
-7.784707009211120798e+00
3.406281655664886898e+01
-7.731615899733180086e+00
-7.632870821069305478e+00
3.406281655664886898e+01
3.406281655664886898e+01
4.451040776793647069e+01
4.236778815830246003e+01
4.367158122665948383e+01
4.802499242263265700e+01
4.408339399853395690e+01
4.838588626724853015e+01
5.679872046380116757e+01
4.548331099876168793e+01
4.236234290296834359e+01
4.316802818987770252e+01
4.886541366307723422e+01
5.372438505444402779e+01
5.442597040322810642e+01
5.459366364270698568e+01
5.459522434293801041e+01
5.461320502842274038e+01
5.487270190481528687e+01
5.494464923916078192e+01
5.494472166571959804e+01
5.497273008102682468e+01
5.510991409046159362e+01
5.511188221560458089e+01
5.522630102824665244e+01
5.520726272430457016e+01
5.528726891285691636e+01
5.546737433174427423e+01
5.545452861821234336e+01
5.552477043605264839e+01
5.549568986648888824e+01
5.553090132862542561e+01
5.532930865690393318e+01
5.572862292479997848e+01
5.561610796883826424e+01
5.570171814233117402e+01
5.567918642717405930e+01
5.570181792572442703e+01
5.571064720831507344e+01
5.536669322003942284e+01
5.574507705769462262e+01
5.580001258619466853e+01
5.586813797569929108e+01
5.587678950174672110e+01
5.588316716084499802e+01
5.589841425029171518e+01
5.590084096409054837e+01
5.594416068137992681e+01
5.601002499757067454e+01
5.604683027889507230e+01
5.610906294221228308e+01
5.613898999735682338e+01
5.614054238632395766e+01
5.621329273494604450e+01
5.626982059121509394e+01
5.636898275082428711e+01
5.662557721011678780e+01
5.686263529930582195e+01
5.695153994000641973e+01
5.697621246070263368e+01
5.708644913992375791e+01
5.732069745384415427e+01
5.733306584427680264e+01
5.868206284444092091e+01
5.906203055806394531e+01
5.819752100449019849e+01
5.784770742329479276e+01
