-5.986452005284437661e+00
-5.968707559985365840e+00
-5.752572638825633078e+00
-5.746203190540152939e+00
-5.950642552587726897e+00
-5.730099782973574030e+00
8.145957136226702033e+00
-5.814130531825066228e+00
-5.752572638825633078e+00
-5.823045895483018874e+00
-5.918893854273146182e+00
-5.752572638825633078e+00
-5.802118375377062875e+00
-5.730099782973574030e+00
3.197881624622937125e+00
5.315255170032888543e+01
5.315255170032888543e+01
5.315255170032888543e+01
5.315255170032888543e+01
5.315255170032888543e+01
5.315255170032888543e+01
5.315255170032888543e+01
5.315255170032888543e+01
5.315255170032888543e+01
5.315255170032888543e+01
5.315255170032888543e+01
5.315255170032888543e+01
5.315255170032888543e+01
5.315255170032888543e+01
5.315255170032888543e+01
5.315255170032888543e+01
5.315255170032888543e+01
5.315255170032888543e+01
5.315255170032888543e+01
5.315255170032888543e+01
5.315255170032888543e+01
5.315255170032888543e+01
5.315255170032888543e+01
5.315255170032888543e+01
5.315255170032888543e+01
5.315255170032888543e+01
5.315255170032888543e+01
5.315255170032888543e+01
5.315255170032888543e+01
5.315255170032888543e+01
5.315255170032888543e+01
5.315255170032888543e+01
5.315255170032888543e+01
5.315255170032888543e+01
5.315255170032888543e+01
5.315255170032888543e+01
5.315255170032888543e+01
5.315255170032888543e+01
5.315255170032888543e+01
5.315255170032888543e+01
5.315255170032888543e+01
5.315255170032888543e+01
5.315255170032888543e+01
5.315255170032888543e+01
5.315255170032888543e+01
5.315255170032888543e+01
5.315255170032888543e+01
5.315255170032888543e+01
5.315255170032888543e+01
5.315255170032888543e+01
5.315255170032888543e+01
5.315255170032888543e+01
5.315255170032888543e+01
5.315255170032888543e+01
5.315255170032888543e+01
5.315255170032888543e+01
5.315255170032888543e+01
5.315255170032888543e+01
5.315255170032888543e+01
5.315255170032888543e+01
5.315255170032888543e+01
5.315255170032888543e+01
5.315255170032888543e+01
5.315255170032888543e+01
5.315255170032888543e+01
