6.624109822612271614e+01
8.904679402095824514e+01
-3.135494215929149675e+00
1.226342770252080783e+01
6.604416263053516900e+01
4.023782606520224192e+01
3.273152252412803165e+00
4.868679402095821018e+01
6.602364909070206522e+01
-5.710427017374869685e+00
9.175870783429060396e+01
9.175870783429060396e+01
9.175870783429060396e+01
9.175870783429060396e+01
9.175870783429060396e+01
9.175870783429060396e+01
9.175870783429060396e+01
9.175870783429060396e+01
9.175870783429060396e+01
9.175870783429060396e+01
9.175870783429060396e+01
9.175870783429060396e+01
9.175870783429060396e+01
9.175870783429060396e+01
9.175870783429060396e+01
9.175870783429060396e+01
9.175870783429060396e+01
9.175870783429060396e+01
9.175870783429060396e+01
9.175870783429060396e+01
9.175870783429060396e+01
9.175870783429060396e+01
9.175870783429060396e+01
9.175870783429060396e+01
9.175870783429060396e+01
9.175870783429060396e+01
9.175870783429060396e+01
9.175870783429060396e+01
9.175870783429060396e+01
9.175870783429060396e+01
