-7.731615899733180086e+00
2.975489594572975705e+01
3.406281655664886898e+01
4.606068141246529990e+01
4.277104447637302798e+01
3.406776743367947091e+01
4.279544765881441037e+01
3.406281655664886898e+01
3.533977493975072548e+01
4.282552471785643178e+01
3.191288232202924036e+01
4.108016747456424866e+01
-4.855896340566798308e+00
-8.022820848930386717e+00
3.406281655664886898e+01
4.264139270522954206e+01
4.368872401143439532e+01
5.222187171692891638e+01
4.208498229754324882e+01
4.410495112578794874e+01
5.045325165697067149e+01
5.101230247228811265e+01
5.190060592339415990e+01
3.146175512237022076e+01
5.304953432243046763e+01
5.437179915028403343e+01
5.435226730155598318e+01
5.471612641835039881e+01
5.491878263108347369e+01
5.527112925248179209e+01
5.524033260534471168e+01
5.519083613154027290e+01
5.509611605742160378e+01
5.532276091379035421e+01
5.508614512226129989e+01
5.373600630686323854e+01
5.522367338883249488e+01
5.515576305524972867e+01
5.537710177083194196e+01
3.813066821618630087e+01
5.551538312596549218e+01
5.569723812378288130e+01
5.555212419967506321e+01
5.562277544960832643e+01
5.570185671155962126e+01
5.570447376638512083e+01
5.570668650753147944e+01
5.570776445808154165e+01
5.574314618842491598e+01
5.573732670721079785e+01
5.575372150422394668e+01
5.577097084084465450e+01
5.579781424731574191e+01
5.578165196569268858e+01
5.583933399728329050e+01
5.584786690967436584e+01
5.590187513781939543e+01
5.590538069749695893e+01
5.594127453171064701e+01
5.595682408578368694e+01
5.596937447581041170e+01
5.597523949512086716e+01
5.600448198519892173e+01
5.603480507562213830e+01
5.603623745231074338e+01
5.604521832788032043e+01
5.612078565848032952e+01
5.612994404145062077e+01
5.613440395342587408e+01
5.617894694556026280e+01
5.624792191678085373e+01
5.631439182220631778e+01
5.634187939035713555e+01
5.649721567172594661e+01
5.746351068061111533e+01
5.651073117981452043e+01
5.741986390148890962e+01
5.746718117317106334e+01
5.842734135997120148e+01
5.749478402977000968e+01
