8.721858578874552848e+01
3.017991706964763665e+01
8.841791509328336929e+01
2.117991706964763665e+01
-5.820082930352361572e+00
5.688410787451696393e+01
3.003129244001463505e+01
-6.261491684321041973e+00
2.717733253103993718e+00
-6.263398262591623578e+00
9.062111423509887231e+01
9.082111423509887516e+01
9.062111423509887231e+01
9.062111423509887231e+01
9.082111423509887516e+01
9.062111423509887231e+01
9.062111423509887231e+01
9.082111423509887516e+01
9.062111423509887231e+01
9.082111423509887516e+01
9.062111423509887231e+01
9.082111423509887516e+01
9.062111423509887231e+01
9.082111423509887516e+01
9.062111423509887231e+01
9.082111423509887516e+01
9.082111423509887516e+01
9.082111423509887516e+01
9.062111423509887231e+01
9.082111423509887516e+01
9.082111423509887516e+01
9.062111423509887231e+01
9.082111423509887516e+01
9.062111423509887231e+01
9.082111423509887516e+01
9.082111423509887516e+01
9.062111423509887231e+01
9.062111423509887231e+01
9.062111423509887231e+01
9.082111423509887516e+01
