-6.405228458030841843e+00
2.126342770252080783e+01
-5.883322388488278598e+00
2.640426131327622272e+00
-5.986452005284437661e+00
-5.730099782973574030e+00
-6.023447592961033159e+00
-5.789960170897253455e+00
2.933891909896252592e+00
-5.752572638825633078e+00
9.485250552318655082e+01
9.485250552318655082e+01
9.485250552318655082e+01
9.485250552318655082e+01
9.485250552318655082e+01
9.485250552318655082e+01
9.485250552318655082e+01
9.485250552318655082e+01
9.485250552318655082e+01
9.485250552318655082e+01
9.485250552318655082e+01
9.485250552318655082e+01
9.485250552318655082e+01
9.485250552318655082e+01
9.485250552318655082e+01
9.485250552318655082e+01
9.485250552318655082e+01
9.485250552318655082e+01
9.485250552318655082e+01
9.485250552318655082e+01
9.485250552318655082e+01
9.485250552318655082e+01
9.485250552318655082e+01
9.485250552318655082e+01
9.485250552318655082e+01
9.485250552318655082e+01
9.485250552318655082e+01
9.485250552318655082e+01
9.485250552318655082e+01
9.485250552318655082e+01
