-5.826000107380449933e+00
1.175972415482923061e+01
3.917991706964763665e+01
-6.263398262591623578e+00
-5.826000107380449933e+00
-6.246106765481562739e+00
2.873130815885814648e+00
1.188631782016776839e+01
7.475972415482922884e+01
3.887531660910579490e+01
9.161858578874551995e+01
9.161858578874551995e+01
9.161858578874551995e+01
9.161858578874551995e+01
9.161858578874551995e+01
9.161858578874551995e+01
9.161858578874551995e+01
9.161858578874551995e+01
9.161858578874551995e+01
9.161858578874551995e+01
9.161858578874551995e+01
9.161858578874551995e+01
9.161858578874551995e+01
9.161858578874551995e+01
9.161858578874551995e+01
9.161858578874551995e+01
9.161858578874551995e+01
9.161858578874551995e+01
9.161858578874551995e+01
9.161858578874551995e+01
9.161858578874551995e+01
9.161858578874551995e+01
9.161858578874551995e+01
9.161858578874551995e+01
9.161858578874551995e+01
9.161858578874551995e+01
9.161858578874551995e+01
9.161858578874551995e+01
9.161858578874551995e+01
9.161858578874551995e+01
