3.017991706964763665e+01
2.258115939220340351e+01
2.117695410451698024e+01
1.257504998251859618e+01
3.017695410451698024e+01
5.688410787451696393e+01
4.817695410451698024e+01
7.472147857583415487e+01
1.172712299345383258e+01
3.041275134159975124e+01
9.162873816020953655e+01
9.162873816020953655e+01
9.162873816020953655e+01
9.162873816020953655e+01
9.162873816020953655e+01
9.162873816020953655e+01
9.162873816020953655e+01
9.162873816020953655e+01
9.162873816020953655e+01
9.162873816020953655e+01
9.162873816020953655e+01
9.162873816020953655e+01
9.162873816020953655e+01
9.162873816020953655e+01
9.162873816020953655e+01
9.162873816020953655e+01
9.162873816020953655e+01
9.162873816020953655e+01
9.162873816020953655e+01
9.162873816020953655e+01
9.162873816020953655e+01
9.162873816020953655e+01
9.162873816020953655e+01
9.162873816020953655e+01
9.162873816020953655e+01
9.162873816020953655e+01
9.162873816020953655e+01
9.162873816020953655e+01
9.162873816020953655e+01
9.162873816020953655e+01
