-5.222554815404808259e+00
-9.071735273291299251e+00
-7.632870821069305478e+00
-5.222554815404808259e+00
-7.632870821069305478e+00
-5.222554815404808259e+00
-7.632870821069305478e+00
3.406281655664886898e+01
-5.222554815404808259e+00
3.980310890176061633e+01
-7.632870821069305478e+00
-8.549991041863787444e+00
-7.632870821069305478e+00
-7.632870821069305478e+00
4.278922413924728119e+01
4.278694703793375709e+01
-9.071735273291299251e+00
5.144919949056371422e+01
5.471673597762341501e+01
5.480568099707849683e+01
5.514947554226664295e+01
5.505819647338519474e+01
5.516226387351712646e+01
5.537826886767005163e+01
5.617511777010795271e+01
5.614183706333920298e+01
5.598516427996565170e+01
5.594693605177531737e+01
5.609124571862648878e+01
5.558421505542968788e+01
5.558892749476243722e+01
5.581980415226719572e+01
5.574572708169162638e+01
5.547659217381156793e+01
5.545573094740572628e+01
5.572112855043766189e+01
5.592150851412576174e+01
5.606528019781491423e+01
5.626098201646364316e+01
5.753171051988576323e+01
5.638406018034567069e+01
5.640795862658090698e+01
5.681568617539024046e+01
5.703306696559079825e+01
5.631073316774727999e+01
5.652085223255992474e+01
5.654732562355722791e+01
5.498316157489565370e+01
5.701739503009846288e+01
5.753259872480525416e+01
5.754426457596495226e+01
5.762119121303703650e+01
5.759985686640499125e+01
5.761682615459088908e+01
5.766826281799473009e+01
5.780403930722307848e+01
5.777097425996027624e+01
5.782541410459038644e+01
5.791718328588932962e+01
5.824287300861134042e+01
5.832950268923876536e+01
5.840306330880316921e+01
5.848203130334525213e+01
5.843069061922142993e+01
5.852174021629400613e+01
5.879864651753311477e+01
5.887272750774788221e+01
5.888760670964695265e+01
5.925274999383139374e+01
5.960581139131269879e+01
5.961316900625448056e+01
5.971762136449653724e+01
6.000171074897059498e+01
6.042506848582946333e+01
6.011517903032624588e+01
6.017280968944179165e+01
7.116239450763215757e+01
7.116998145317441526e+01
7.228921375431630736e+01
7.127475137532873362e+01
