4.272933641155361784e+01
-7.723495182421172167e+00
-9.071735273291299251e+00
3.406281655664886898e+01
3.406281655664886898e+01
-4.993467890472579107e+00
-1.253430674849185955e+01
-5.330929292952784948e+00
-9.012125637918266818e+00
-9.071735273291299251e+00
-1.253430674849185955e+01
-9.071735273291299251e+00
-9.746871221094156823e+00
-5.222554815404808259e+00
-5.222554815404808259e+00
4.271282010972940668e+01
4.277202636962808668e+01
4.455433631295338870e+01
4.279242211502762672e+01
4.278943546618385341e+01
4.344302698490407266e+01
4.619120999282484519e+01
4.682104352805137637e+01
4.748833523445050275e+01
4.718566366270665924e+01
4.719384061530539043e+01
4.720118451239675039e+01
4.736629197009916226e+01
4.783056703226225892e+01
4.793266133475763979e+01
4.929391599266309498e+01
4.858944244133552814e+01
5.067227809707275554e+01
-2.521915956872956333e+00
5.140816544817507605e+01
5.216408311594020830e+01
-5.222554815404808259e+00
5.252719537699053376e+01
5.255078406615203335e+01
5.260886290450848435e+01
5.386357434129800481e+01
5.328584172906020200e+01
5.356930516279582832e+01
5.436036321668542826e+01
5.417543807268259570e+01
5.442747480217746414e+01
5.413289712814597721e+01
5.443078497725421983e+01
5.449755861277979818e+01
5.457607034070015573e+01
5.458939996942904571e+01
5.459797399717616173e+01
5.462109236644151622e+01
5.460547252522678008e+01
5.463175382654904411e+01
5.464438237001581200e+01
5.488123786871283016e+01
5.499580546298430050e+01
5.503643595303166336e+01
5.508475502275685898e+01
5.508994887119774120e+01
5.520810166987305934e+01
5.525901927835340643e+01
5.527334114484641958e+01
5.532832463614671070e+01
5.536957298404589523e+01
5.544629875341343705e+01
5.546615970370852722e+01
5.547042939849433196e+01
5.548103821251011425e+01
5.551279715633664580e+01
5.555492732101777165e+01
5.556475174720861787e+01
5.557081703047413868e+01
5.562097150204166240e+01
5.611537588451889746e+01
5.564614909958937972e+01
5.667645176966929910e+01
5.805432825438989397e+01
5.695859561864497067e+01
