-6.263398262591623578e+00
-5.789960170897253455e+00
-5.420534999272286214e+00
-5.826000107380449933e+00
2.100603857269343067e+01
-6.263398262591623578e+00
-6.270988431858299350e+00
-5.826000107380449933e+00
3.575049982518597069e+00
-6.257667587882639104e+00
6.639788117912030430e+01
6.639788117912030430e+01
6.639788117912030430e+01
6.639788117912030430e+01
6.639788117912030430e+01
6.639788117912030430e+01
6.639788117912030430e+01
6.639788117912030430e+01
6.639788117912030430e+01
6.639788117912030430e+01
6.639788117912030430e+01
6.639788117912030430e+01
6.639788117912030430e+01
6.639788117912030430e+01
6.639788117912030430e+01
6.639788117912030430e+01
6.639788117912030430e+01
6.639788117912030430e+01
6.639788117912030430e+01
6.639788117912030430e+01
6.639788117912030430e+01
6.639788117912030430e+01
6.639788117912030430e+01
6.639788117912030430e+01
6.639788117912030430e+01
6.639788117912030430e+01
6.639788117912030430e+01
6.639788117912030430e+01
6.639788117912030430e+01
6.639788117912030430e+01
