5.983250003752106494e+01
5.414825507612222566e+01
5.211573261516203814e+01
5.531035014866111510e+01
4.433697085686672068e+01
5.656322722039250550e+01
5.541993363388698413e+01
7.072791648269043208e+01
5.718542633872492331e+01
4.129025662338549552e+01
5.259276929797598399e+01
5.737771406563688714e+01
6.960595595504224775e+01
5.542641131058609716e+01
6.925689057320992958e+01
4.596752074249398845e+01
6.224666190025799040e+01
6.983024113713986480e+01
7.090980897038170383e+01
7.061265491547419515e+01
5.785874934984221341e+01
7.038789683123147256e+01
7.183646946354453178e+01
7.115381888833348967e+01
7.123173534690448605e+01
7.181722088842914786e+01
7.144522493343671954e+01
7.040112705149086025e+01
7.140046614594048435e+01
7.071498458780864382e+01
7.049586520475057227e+01
7.150544635142111360e+01
7.085270293856427770e+01
7.077513214843445155e+01
7.074390057308778523e+01
7.125119343438457520e+01
7.182709840721335581e+01
7.178884387830204616e+01
7.179057532931169305e+01
7.182272954594070313e+01
7.141936840886113202e+01
7.194485016520414433e+01
7.236253957102556456e+01
7.198793219824916889e+01
7.242411098997823160e+01
7.205791958286937415e+01
7.194579267340589013e+01
7.217528910758251470e+01
7.215574096166430706e+01
5.974640224311742998e+01
7.205405322974085891e+01
7.220832816107706265e+01
7.219245712432996243e+01
7.221399605409504829e+01
7.243988803865562431e+01
7.227019659991871947e+01
7.261766906654588638e+01
7.253742482838109140e+01
7.235717956620939617e+01
7.223979854592259642e+01
7.234288129116499988e+01
7.230266010178378622e+01
7.227703070921823780e+01
7.251380207365291142e+01
7.243823635346424794e+01
7.235690212130373311e+01
7.266514345289375854e+01
7.331387808668094408e+01
7.280629417644460943e+01
7.267866195148329211e+01
7.282737474776678255e+01
7.309421504287398363e+01
7.282388473207780066e+01
7.268582080953490276e+01
7.276680219001025307e+01
7.274862456256691701e+01
7.316936701033324653e+01
7.359675110702460188e+01
7.320810173497474693e+01
7.321791650450664690e+01
7.362627631186262533e+01
7.365376878329000476e+01
7.364984990959355571e+01
7.366128363455138128e+01
7.368997038311384529e+01
7.376465561516771174e+01
7.443552590012967585e+01
7.508415575267541442e+01
7.509222701692654312e+01
7.528431041145867653e+01
7.721085715054394427e+01
7.534179562457117640e+01
7.577481438464319297e+01
7.593571469878864377e+01
7.598621637300685450e+01
7.623683258635864490e+01
7.626993997135670611e+01
7.645326626732212105e+01
7.687693194570522337e+01
7.696953610535071277e+01
