-5.730099782973574030e+00
-5.768320995793771999e+00
-5.752572638825633078e+00
3.917991706964763665e+01
3.917991706964763665e+01
-5.739792912179233930e+00
-6.023447592961033159e+00
-5.802118375377062875e+00
-5.802118375377062875e+00
-5.986452005284437661e+00
9.491859563501553509e+01
9.491859563501553509e+01
9.491859563501553509e+01
9.491859563501553509e+01
9.491859563501553509e+01
9.491859563501553509e+01
9.491859563501553509e+01
9.491859563501553509e+01
9.491859563501553509e+01
9.491859563501553509e+01
9.491859563501553509e+01
9.491859563501553509e+01
9.491859563501553509e+01
9.491859563501553509e+01
9.491859563501553509e+01
9.491859563501553509e+01
9.491859563501553509e+01
9.491859563501553509e+01
9.491859563501553509e+01
9.491859563501553509e+01
9.491859563501553509e+01
9.491859563501553509e+01
9.491859563501553509e+01
9.491859563501553509e+01
9.491859563501553509e+01
9.491859563501553509e+01
9.491859563501553509e+01
9.491859563501553509e+01
9.491859563501553509e+01
9.491859563501553509e+01
