3.440911020304022827e+01
-2.243806191741362088e+00
-5.521182722616488903e+00
3.514180128936290259e+01
1.170781746253145883e+01
-5.199619493841010964e+00
-3.754514448392262338e+00
1.703190250817553419e+01
3.514158341078051251e+01
-5.205386617150188577e+00
2.660463208639659349e+00
1.567642654802206437e+01
3.338166268544055271e+01
-5.286502271448986434e+00
-5.040388366197225523e+00
3.447007095298469892e+01
3.576716951513243004e+01
4.393837737399681487e+01
3.939609465524520004e+01
4.419113770700613486e+01
4.614647287575733259e+01
4.434556103743072697e+01
4.569359135529120408e+01
4.607066854229134378e+01
4.607019124170997770e+01
4.620605558508852084e+01
4.593893288761520921e+01
4.664955723862208714e+01
4.771080876248394276e+01
3.522505683956825351e+01
4.331323404370432684e+01
4.792300348029056778e+01
4.800735902944251166e+01
4.805200319984873403e+01
4.826897611706387892e+01
4.828908849660014369e+01
4.916777706137091286e+01
4.881767826462733240e+01
4.893038138884296018e+01
4.896249497307487530e+01
4.903852213309946251e+01
4.847468300188295842e+01
4.919938142335900011e+01
4.921195728822585380e+01
4.931681545145875845e+01
4.955758448634070845e+01
4.983002025662090517e+01
5.000028793588467124e+01
5.006225035741230300e+01
5.020892036666124625e+01
5.025290743224826429e+01
5.027445163348043877e+01
5.031906356512321565e+01
5.036395878359856226e+01
5.042713490516498354e+01
5.045575479493547277e+01
5.060341573853523300e+01
5.090396694823928669e+01
5.127204829925258878e+01
5.157927860132742381e+01
