6.164910591213105562e+01
5.572412626600435459e+01
6.178504020877406333e+01
7.287692249910897146e+01
7.960410466179153843e+01
7.262358940442967992e+01
4.381135910545258838e+01
6.105566868060814301e+01
4.159953750715258280e+01
7.692438960338670029e+01
5.241310702640706864e+01
7.404282645158539822e+01
5.324057261236526983e+01
4.488836776463730871e+01
4.954438127266116965e+01
5.146668433382980368e+01
7.434773160769779565e+01
7.637624995657151139e+00
5.780448189229232270e+01
4.746994091904849000e+01
5.887793661943121748e+01
5.113686694061428284e+01
5.471833052509329320e+01
7.621928810138858523e+01
7.716156247598850371e+01
7.612422492485339376e+01
7.608963331814206299e+01
7.638359231355542533e+01
4.881032748067106297e+01
5.390770573417655953e+01
5.537187227131372680e+01
7.118510681765546622e+01
7.501823912515027359e+01
7.311206776872911917e+01
7.188686778084412765e+01
7.446207482807220401e+01
4.384046420400353838e+01
5.052791033978255086e+01
5.629699321317571759e+01
7.789076923225627525e+01
5.676227553286977923e+01
5.053012776246208659e+01
6.049251072774909233e+01
4.682971603630790014e+01
7.410725976341910837e+01
5.760960960783840079e+01
4.958291029538567329e+01
5.009557176566821823e+01
4.393705524046672650e+01
7.539757311888696734e+01
6.165675407760024740e+01
6.126637601097553443e+01
4.933957353596250073e+01
5.736324065519957571e+01
7.416080221771686354e+01
7.492594375820780783e+01
3.285619643496118414e+01
7.354960994602215862e+01
7.092600154079643460e+01
7.390045879656055661e+01
4.103424600529764632e+01
5.788104533784179040e+01
6.239165912163655037e+01
5.886190828078084536e+01
6.030913408232054707e+01
7.436620185562564700e+01
6.001475582615741189e+01
7.477703994636213736e+01
5.049108309397907846e+01
5.702281209569525089e+01
6.284513833198674604e+01
5.281122196538375135e+01
5.973712062596702310e+01
5.896423728555823374e+01
7.576315513952135916e+01
5.050840732658709697e+01
5.607235418198283128e+01
5.266472434652436618e+01
6.152002347817735739e+01
6.365884200341229615e+01
4.638749886918077436e+01
5.545578469656523168e+01
5.058132772651690345e+01
6.135563889715340480e+01
5.830644287697688810e+01
5.622558367410057656e+01
5.744762080482869493e+01
7.451456852152718113e+01
4.985784628545863484e+01
7.273222076201825814e+01
5.793539231494908393e+01
6.252263512241168542e+01
5.573534024584903079e+01
5.238407576897894558e+01
5.826693190567470992e+01
7.464074275659021396e+01
7.066290860155233133e+01
4.528221939491037062e+01
6.142745482276329483e+01
7.502925808075556802e+01
