6.627315225241279961e+01
9.090192069107683892e+01
-5.961005339623273613e+00
8.613289246928255238e+01
6.626342770252080072e+01
8.904188000615580734e+01
5.725379680945984973e+01
8.905669509194095212e+01
8.631289246928255920e+01
9.011466846406767672e+01
9.229669509194094701e+01
9.229669509194094701e+01
9.229669509194094701e+01
9.229669509194094701e+01
9.229669509194094701e+01
9.229669509194094701e+01
9.229669509194094701e+01
9.229669509194094701e+01
9.229669509194094701e+01
9.229669509194094701e+01
9.229669509194094701e+01
9.229669509194094701e+01
9.229669509194094701e+01
9.229669509194094701e+01
9.229669509194094701e+01
9.229669509194094701e+01
9.229669509194094701e+01
9.229669509194094701e+01
9.229669509194094701e+01
9.229669509194094701e+01
9.229669509194094701e+01
9.229669509194094701e+01
9.229669509194094701e+01
9.229669509194094701e+01
9.229669509194094701e+01
9.229669509194094701e+01
9.229669509194094701e+01
9.229669509194094701e+01
9.229669509194094701e+01
9.229669509194094701e+01
