-5.986452005284437661e+00
8.127088651922319329e+00
-5.730099782973574030e+00
-5.752572638825633078e+00
-5.752572638825633078e+00
-5.752572638825633078e+00
3.247427361174366922e+00
-5.771441123130015782e+00
-5.752572638825633078e+00
-5.700443573390686858e+00
3.730325642008191522e+01
-5.752572638825633078e+00
3.228558876869984218e+00
-5.774551545544408526e+00
-6.023447592961033159e+00
5.302567859239151460e+01
5.302567859239151460e+01
5.302567859239151460e+01
5.302567859239151460e+01
5.302567859239151460e+01
5.302567859239151460e+01
5.302567859239151460e+01
5.302567859239151460e+01
5.302567859239151460e+01
5.302567859239151460e+01
5.302567859239151460e+01
5.302567859239151460e+01
5.302567859239151460e+01
5.302567859239151460e+01
5.302567859239151460e+01
5.302567859239151460e+01
5.302567859239151460e+01
5.302567859239151460e+01
5.302567859239151460e+01
5.302567859239151460e+01
5.302567859239151460e+01
5.302567859239151460e+01
5.302567859239151460e+01
5.302567859239151460e+01
5.302567859239151460e+01
5.302567859239151460e+01
5.302567859239151460e+01
5.302567859239151460e+01
5.302567859239151460e+01
5.302567859239151460e+01
5.302567859239151460e+01
5.302567859239151460e+01
5.302567859239151460e+01
5.302567859239151460e+01
5.302567859239151460e+01
5.302567859239151460e+01
5.302567859239151460e+01
5.302567859239151460e+01
5.302567859239151460e+01
5.302567859239151460e+01
5.302567859239151460e+01
5.302567859239151460e+01
5.302567859239151460e+01
5.302567859239151460e+01
5.302567859239151460e+01
5.302567859239151460e+01
5.302567859239151460e+01
5.302567859239151460e+01
5.302567859239151460e+01
5.302567859239151460e+01
5.302567859239151460e+01
5.302567859239151460e+01
5.302567859239151460e+01
5.302567859239151460e+01
5.302567859239151460e+01
5.302567859239151460e+01
5.302567859239151460e+01
5.302567859239151460e+01
5.302567859239151460e+01
5.302567859239151460e+01
5.302567859239151460e+01
5.302567859239151460e+01
5.302567859239151460e+01
5.302567859239151460e+01
5.302567859239151460e+01
