-5.752572638825633078e+00
-5.730099782973574030e+00
-5.730099782973574030e+00
-5.860786223465865419e+00
-5.752572638825633078e+00
-6.395261598115449253e+00
-5.752572638825633078e+00
-5.752572638825633078e+00
-5.777652323222656428e+00
-6.008813185442594573e+00
1.306695976713109530e+01
-5.752572638825633078e+00
-5.802118375377062875e+00
-5.802118375377062875e+00
-5.730099782973574030e+00
5.313662282307731743e+01
5.313662282307731743e+01
5.313662282307731743e+01
5.313662282307731743e+01
5.313662282307731743e+01
5.313662282307731743e+01
5.313662282307731743e+01
5.313662282307731743e+01
5.313662282307731743e+01
5.313662282307731743e+01
5.313662282307731743e+01
5.313662282307731743e+01
5.313662282307731743e+01
5.313662282307731743e+01
5.313662282307731743e+01
5.313662282307731743e+01
5.313662282307731743e+01
5.313662282307731743e+01
5.313662282307731743e+01
5.313662282307731743e+01
5.313662282307731743e+01
5.313662282307731743e+01
5.313662282307731743e+01
5.313662282307731743e+01
5.313662282307731743e+01
5.313662282307731743e+01
5.313662282307731743e+01
5.313662282307731743e+01
5.313662282307731743e+01
5.313662282307731743e+01
5.313662282307731743e+01
5.313662282307731743e+01
5.313662282307731743e+01
5.313662282307731743e+01
5.313662282307731743e+01
5.313662282307731743e+01
5.313662282307731743e+01
5.313662282307731743e+01
5.313662282307731743e+01
5.313662282307731743e+01
5.313662282307731743e+01
5.313662282307731743e+01
5.313662282307731743e+01
5.313662282307731743e+01
5.313662282307731743e+01
5.313662282307731743e+01
5.313662282307731743e+01
5.313662282307731743e+01
5.313662282307731743e+01
5.313662282307731743e+01
5.313662282307731743e+01
5.313662282307731743e+01
5.313662282307731743e+01
5.313662282307731743e+01
5.313662282307731743e+01
5.313662282307731743e+01
5.313662282307731743e+01
5.313662282307731743e+01
5.313662282307731743e+01
5.313662282307731743e+01
5.313662282307731743e+01
5.313662282307731743e+01
5.313662282307731743e+01
5.313662282307731743e+01
5.313662282307731743e+01
