4.278940317543300864e+01
4.320536890050200896e+01
-9.264726526647441673e+00
4.236234290296834359e+01
-1.018696011718695260e+01
-7.731615899733180086e+00
4.266404649888682599e+01
2.976541630784622328e+01
2.975443921566073513e+01
-9.108018652421250749e+00
4.437260594381444179e+01
-1.100383786495981653e+01
2.983137302087357057e+01
-1.263823956199868981e+00
-9.216317063917440322e+00
4.286420440587006198e+01
4.280050517684548339e+01
4.634434768637041913e+01
4.363977692531634034e+01
4.278561214588036421e+01
4.476328646002043143e+01
4.652813443584589947e+01
4.329394687070819714e+01
4.940072061066280185e+01
4.301770708453175729e+01
5.051328470713854557e+01
5.290129406094028752e+01
5.305881121161969105e+01
5.353978043918108654e+01
4.078039906697102879e+01
5.319841327617041316e+01
5.361215506167721401e+01
5.365218432145982064e+01
5.367069524735509845e+01
5.382313791247705836e+01
5.392870882199859750e+01
5.448789023345868543e+01
5.452698270067300967e+01
5.449137651623647827e+01
5.479697486880669999e+01
5.483830963705346306e+01
5.481112579784424099e+01
5.482675623555977751e+01
5.485583383526596890e+01
5.488543027477398084e+01
5.493128628718935147e+01
5.490243826327829169e+01
5.494815915352863556e+01
5.496743101279419363e+01
5.497375781110100945e+01
5.501755235746825434e+01
5.503162880911432353e+01
5.508402278372236793e+01
5.510656594457647373e+01
5.512168166801269820e+01
5.517969542323160681e+01
5.518600456741464200e+01
5.521005563604327904e+01
5.526132284853962062e+01
5.527686815144495114e+01
5.530083181004599879e+01
5.537111655622322814e+01
5.545022362218522716e+01
5.547337034077812490e+01
5.548219209970876165e+01
5.559823620476057471e+01
5.562913864348654158e+01
5.577573709897828280e+01
5.596611163677569323e+01
5.602785362663271229e+01
5.608096768541505384e+01
5.611676621136340515e+01
5.622728593916227169e+01
5.623242363165847735e+01
5.632084924000477599e+01
5.644665355684507801e+01
5.645891148387980252e+01
5.672516477585767092e+01
5.692050364922322103e+01
5.882153165866112232e+01
