-5.752572638825633078e+00
-5.752572638825633078e+00
-5.752572638825633078e+00
-5.986452005284437661e+00
-5.752572638825633078e+00
-5.752572638825633078e+00
3.231679004206228001e+00
3.247427361174366922e+00
-5.771441123130015782e+00
-5.783825182329737302e+00
-5.730099782973574030e+00
-5.752572638825633078e+00
-5.720311776607411858e+00
3.216174817670262698e+00
-5.860786223465865419e+00
5.310778782499431117e+01
5.310778782499431117e+01
5.310778782499431117e+01
5.310778782499431117e+01
5.310778782499431117e+01
5.310778782499431117e+01
5.310778782499431117e+01
5.310778782499431117e+01
5.310778782499431117e+01
5.310778782499431117e+01
5.310778782499431117e+01
5.310778782499431117e+01
5.310778782499431117e+01
5.310778782499431117e+01
5.310778782499431117e+01
5.310778782499431117e+01
5.310778782499431117e+01
5.310778782499431117e+01
5.310778782499431117e+01
5.310778782499431117e+01
5.310778782499431117e+01
5.310778782499431117e+01
5.310778782499431117e+01
5.310778782499431117e+01
5.310778782499431117e+01
5.310778782499431117e+01
5.310778782499431117e+01
5.310778782499431117e+01
5.310778782499431117e+01
5.310778782499431117e+01
5.310778782499431117e+01
5.310778782499431117e+01
5.310778782499431117e+01
5.310778782499431117e+01
5.310778782499431117e+01
5.310778782499431117e+01
5.310778782499431117e+01
5.310778782499431117e+01
5.310778782499431117e+01
5.310778782499431117e+01
5.310778782499431117e+01
5.310778782499431117e+01
5.310778782499431117e+01
5.310778782499431117e+01
5.310778782499431117e+01
5.310778782499431117e+01
5.310778782499431117e+01
5.310778782499431117e+01
5.310778782499431117e+01
5.310778782499431117e+01
5.310778782499431117e+01
5.310778782499431117e+01
5.310778782499431117e+01
5.310778782499431117e+01
5.310778782499431117e+01
5.310778782499431117e+01
5.310778782499431117e+01
5.310778782499431117e+01
5.310778782499431117e+01
5.310778782499431117e+01
5.310778782499431117e+01
5.310778782499431117e+01
5.310778782499431117e+01
5.310778782499431117e+01
5.310778782499431117e+01
