2.517197421370900301e+00
2.517197421370900301e+00
1.082644447744472771e+01
1.769041013744812219e+01
2.415645962373292122e+01
2.559782513464552167e+01
3.000048617142021712e+01
2.989762265075927061e+01
3.156336091742947758e+01
3.315530175866819462e+01
3.387980193328633050e+01
3.569800460687006449e+01
3.643262072271611629e+01
4.607826832765672975e+01
4.885906000754402356e+01
4.996117332721544813e+01
5.318992416527235889e+01
5.499788601574118729e+01
5.651809316458843568e+01
5.668149560291966083e+01
5.782755398600422581e+01
5.769607963195319655e+01
2.337368736895080801e+01
2.922583427155258917e+01
3.134554950668247386e+01
3.434679486185553543e+01
3.712755905158832093e+01
3.786954180616419308e+01
3.903587818755799788e+01
4.098782542502040371e+01
4.194743112086050019e+01
4.306378303999985491e+01
6.298505400858516623e+01
6.641161857987692940e+01
6.932734478167790826e+01
7.187384349718021781e+01
7.254512811919663307e+01
7.357290118720656835e+01
7.417420233201490021e+01
7.596908547238105314e+01
7.582746629740253752e+01
7.527222228864006581e+01
5.541721583617606228e+01
5.547247358201574485e+01
5.564477523052469365e+01
5.576571661636310751e+01
5.570222695656897827e+01
5.584236527187688637e+01
5.582049455939364435e+01
5.585284976445732497e+01
5.586652784528974536e+01
5.575880624757558479e+01
4.263126736090554658e+01
4.319069109178324339e+01
4.363233142848958579e+01
4.386646422724405170e+01
4.427065958498143772e+01
4.509588556432240836e+01
4.555249549185180769e+01
4.576683427666313975e+01
4.618445184235432777e+01
4.705907499027242835e+01
