2.809112221969527479e+00
2.809112221969527479e+00
2.760846870570225065e+01
4.359481379640824628e+01
5.733514364176551226e+01
6.323685213129024163e+01
6.302776988888724929e+01
6.973175897885434438e+01
7.118950482185162798e+01
7.200186851653772635e+01
7.287792179825615335e+01
6.682691459537633705e+01
7.255972519130892806e+01
6.959724573913160839e+01
6.662340791319117272e+01
7.151075020972943719e+01
7.363284581041963861e+01
7.197355984007248253e+01
6.757888604225918527e+01
7.068337437237494214e+01
7.268384733775926065e+01
7.408066453988817557e+01
7.578543461577289975e+01
7.062340610253585282e+01
7.547688891969589520e+01
7.302416316105544070e+01
7.340493838393649639e+01
7.145751291922137227e+01
7.180436456230559372e+01
7.349351407663905889e+01
7.824276767039368963e+01
7.348340413053900022e+01
7.401897455778585311e+01
7.748055949365917172e+01
7.189811240755715005e+01
7.267800314838430609e+01
7.845299628172180917e+01
7.845741089655965084e+01
7.686144703085878405e+01
7.675758022493185706e+01
7.518501614595561477e+01
7.963336792614435922e+01
7.711200104691060631e+01
8.019915477877768240e+01
7.734714785344274901e+01
8.473586598678097914e+01
7.878572894969022400e+01
8.192758525037920947e+01
8.086234374642101841e+01
7.679886809755612376e+01
7.977068699824189935e+01
7.816843653757970856e+01
