9.808231192445116875e+00
9.808231192445116875e+00
4.902215706612113166e+01
6.145725142908097638e+01
6.153565453530345764e+01
7.008639868836098685e+01
7.136132721202572782e+01
7.932808126881639055e+01
7.258337597723404144e+01
7.423392125360865634e+01
7.628037541137014443e+01
8.129682215800872314e+01
8.088067882226091854e+01
8.122415012097572173e+01
7.631489176313770884e+01
7.773967158629326946e+01
7.985247211454561977e+01
8.073270643753396314e+01
8.514056505423363319e+01
8.422024048663350015e+01
8.414193497885187867e+01
7.952495789334049903e+01
8.406281744264060762e+01
7.991990856950840794e+01
8.290581547051135658e+01
8.231760476659650294e+01
8.337294317424880319e+01
7.952004683027176668e+01
7.974377109348836257e+01
8.168861515125658457e+01
8.186970462909359014e+01
8.131135208071319198e+01
8.061799238515615684e+01
7.623216259968322106e+01
8.132366098658103226e+01
7.760507371474575677e+01
8.284299602690055053e+01
7.717940723398642433e+01
8.029909800751109117e+01
7.893173402828287522e+01
7.991803061750928805e+01
7.994366148385088877e+01
7.711845916318672778e+01
8.000491330720583960e+01
7.989961581497362886e+01
7.787080748041861966e+01
7.985946363739341791e+01
7.726694802203947177e+01
7.584185195713044436e+01
7.696326562262541415e+01
8.097176736759260507e+01
7.689281018022720104e+01
