-2.473892611179203449e+00
1.295576328348685102e+01
2.426615968067100582e+01
3.134971130651832638e+01
3.533798491866768643e+01
3.809843408426184652e+01
4.255777477524249974e+01
4.361893865600391962e+01
4.380944879172299267e+01
4.587376991304159901e+01
4.594740947284880406e+01
4.687828519815739270e+01
4.685263641528830902e+01
4.896580163982286393e+01
4.732919359340076682e+01
4.945647513559153197e+01
5.051295958134453201e+01
5.141497959467244527e+01
5.072218200836493196e+01
5.128151380456949937e+01
5.215256623110487766e+01
5.213201855138898111e+01
5.248016420450977648e+01
5.332609389330027483e+01
5.285830316707217946e+01
5.245900623593765033e+01
5.363452458421070190e+01
5.239440240930541393e+01
5.363625018068361072e+01
5.349648279573833776e+01
5.384684679381454941e+01
5.346700607806926797e+01
4.691332435399494472e+01
4.740318346265158311e+01
4.792398981692579696e+01
4.816470228530921815e+01
4.756150037360497151e+01
4.611736541040107085e+01
4.544618999835894613e+01
4.666487507480597685e+01
4.587171920791702462e+01
4.561711176150321023e+01
4.569635997499440094e+01
4.705263278881970734e+01
4.690690809135759309e+01
4.609104103011426190e+01
4.690090808326381477e+01
4.421563320067748748e+01
4.500377261528132067e+01
4.690212343385987026e+01
4.580066334807632700e+01
4.490203577914535060e+01
4.504395501914144972e+01
4.547846349804559907e+01
4.621975220926783834e+01
4.497728207223722308e+01
4.630877878852861329e+01
4.577449737271847141e+01
4.471024438519879141e+01
4.491105067222021319e+01
4.507068966242945862e+01
4.414588176536967978e+01
4.513623974787001458e+01
4.549476111932337119e+01
4.252272351697011032e+01
4.319000185670019221e+01
4.532814099612684089e+01
4.592492278073895307e+01
4.516140778017389579e+01
4.545927372493616048e+01
4.571883397315560416e+01
4.625598366521110449e+01
4.417451171480361438e+01
4.474922850781702977e+01
4.562627684349107682e+01
4.695753218036964682e+01
4.611390304620640279e+01
4.553820277581976228e+01
4.442601971555158968e+01
4.580278879547257986e+01
4.540667357574049845e+01
4.548524783720181830e+01
