1.098671318500025196e+00
1.568752304804255537e+01
2.772729091036267590e+01
3.250897927624287576e+01
3.577957939295549750e+01
3.694035002692730529e+01
3.681223628874585074e+01
4.006739913103593409e+01
3.944425678264416035e+01
3.930991832494602534e+01
4.096018684070450178e+01
4.227522762011508206e+01
4.337356199890317754e+01
4.458385852836238428e+01
4.517907722242854618e+01
4.581980291595031218e+01
4.630013797344073367e+01
4.580321084176894431e+01
4.654239011067534904e+01
4.753301884006939559e+01
4.863010707854770232e+01
4.718142103273724786e+01
4.893360218587530142e+01
4.787465295058929371e+01
4.869818790011238718e+01
4.928745600030141105e+01
4.837373586282753735e+01
4.933643147232932336e+01
4.942542886593116691e+01
5.042355500474299390e+01
5.024625491939580968e+01
5.044687366617305457e+01
4.920058616003547058e+01
4.975415208290112190e+01
5.091628379530506976e+01
5.016811335849482134e+01
4.979191180175001108e+01
4.497996373423738703e+01
4.402729310496040682e+01
4.535887307603051255e+01
4.454324153967536404e+01
4.201457271431797125e+01
4.346480979278253187e+01
4.513411811649577032e+01
4.418393689877042618e+01
4.324603931004709523e+01
4.398732954966497033e+01
4.479990647348556365e+01
4.502113295972160500e+01
4.579103742934904631e+01
4.612504280892942887e+01
4.592672287503650352e+01
4.373655973422783205e+01
4.567855026520459916e+01
4.489014002645281920e+01
4.492455891990187666e+01
4.416744165416203316e+01
4.712591851392340914e+01
4.334617396199814010e+01
4.639551903473969929e+01
4.521792584424801476e+01
4.551528075205989410e+01
4.308242804706375040e+01
4.481686342453794225e+01
4.183132920460680282e+01
4.453544167397062381e+01
4.590727922227942059e+01
4.437199425410904752e+01
4.513005510288547129e+01
4.311105974068519231e+01
4.484377721572580811e+01
4.349382665955728555e+01
4.520581758536398809e+01
4.324623450424534354e+01
4.537930067725675798e+01
4.379928765512173783e+01
4.494445349818356306e+01
4.250997756387364745e+01
4.538646455568647298e+01
4.622640856178846036e+01
4.472001575929888162e+01
4.387666158619962431e+01
