-2.545456668616681850e-01
-2.545456668616681850e-01
2.388464728261320857e+01
3.673380894314524880e+01
3.854350484048836734e+01
3.974117168454847615e+01
4.110860138714870260e+01
4.235270223675782830e+01
4.513800014800025195e+01
4.690972117275165942e+01
4.629069663213041963e+01
4.552056584345627499e+01
4.557022682650606527e+01
4.907744285451973809e+01
4.842532120335442869e+01
4.981850400233103215e+01
5.737509859608021401e+01
5.483363635327064145e+01
5.575066986405790459e+01
5.404221914822571904e+01
5.576984093662996855e+01
5.563672693532050317e+01
5.681211581235110941e+01
5.685724135914360744e+01
5.572402090002258745e+01
5.566719984968747070e+01
5.703895148168930262e+01
5.645698749849496778e+01
5.489232183174569002e+01
5.346437066631118995e+01
5.771487291777818029e+01
5.653884681659004485e+01
5.499767021773643449e+01
5.652416629270145165e+01
5.384432817551338957e+01
5.574070639741382394e+01
5.550907645426968884e+01
5.692139783258467389e+01
5.947380899502538654e+01
5.867167587572600240e+01
5.826507706907400319e+01
5.884151663489349460e+01
6.071521312712253859e+01
5.897645897189971009e+01
6.176222168045192262e+01
6.074169445603993722e+01
6.256862654362146969e+01
6.262340746122193735e+01
6.097673583015514254e+01
6.132543303751663899e+01
6.074722662202864143e+01
6.220980130407404829e+01
5.907970423963629258e+01
6.064678519540381529e+01
5.963425568363109619e+01
6.046338929375473015e+01
6.090845574703523368e+01
6.102312921557292924e+01
5.476806492819948602e+01
5.665733396167210856e+01
5.589523935542612065e+01
5.689283783022182917e+01
