1.127062429410465860e+01
1.127062429410465860e+01
6.017196494834215770e+01
7.135266848897182967e+01
7.724050038284747188e+01
7.417139561331174491e+01
7.828441758377906012e+01
7.591406020097399221e+01
7.306833155288659043e+01
7.330554912477769847e+01
7.632841021259744707e+01
7.444260978125593908e+01
7.847875293340712233e+01
7.785754447300075753e+01
8.055134220413552271e+01
7.566940095025657342e+01
7.760061785120458921e+01
7.586547774018244183e+01
7.338205572637198770e+01
7.271249743991074865e+01
7.320465585980166168e+01
7.695682977653811463e+01
7.437966014000755877e+01
7.260976717529047164e+01
7.347654378922545959e+01
8.235319932804910081e+01
7.262647000523493546e+01
7.610391300255359681e+01
7.350661101390075203e+01
7.582850328648342497e+01
7.102498719761869950e+01
7.400383107107845149e+01
7.501592511150384723e+01
7.111594253439020008e+01
6.873572724902214759e+01
7.155132374133829387e+01
7.016659185390781772e+01
7.640054095162442138e+01
7.430789649010111475e+01
6.888984786831335327e+01
7.299054514102950009e+01
7.600127139546911792e+01
7.643659481757426022e+01
7.568212662944134195e+01
7.385294209328904458e+01
7.647135042159102625e+01
7.637876035705895106e+01
8.065841990896447555e+01
7.682460190617135254e+01
8.155336900547106893e+01
7.507533510059511173e+01
7.864337254154290235e+01
