-4.512113624932618805e+00
-4.512113624932618805e+00
-1.323698818111188169e+00
1.455214514299800577e+01
2.026703712288992776e+01
2.185730604747804406e+01
2.577149139195979188e+01
3.278123431402399035e+01
3.352293318671998179e+01
3.415760540249169708e+01
3.476169162338560170e+01
3.461971290658814127e+01
3.300464781092721012e+01
3.434398725992744517e+01
3.525107520733741495e+01
3.581822186163866917e+01
3.533793526152051356e+01
3.502428800782064400e+01
4.037009782054408191e+01
4.524325404498447512e+01
4.511066200400927073e+01
4.425504979084301738e+01
4.604153000989330735e+01
4.595910952936260685e+01
4.516037146566679894e+01
4.360028670998138267e+01
4.351747586293017633e+01
4.398914612961421255e+01
4.337902846136754675e+01
4.492647969350433357e+01
4.472019190716655146e+01
4.559152509839439915e+01
4.529865691507107783e+01
4.329979695995528033e+01
4.318732185189448103e+01
4.212116826934194336e+01
4.199866266644330892e+01
4.246799000057131224e+01
4.261291176277923398e+01
4.240479587582816379e+01
4.210918903174875538e+01
4.246109855462819382e+01
4.251748012153634448e+01
4.275347495894659744e+01
4.257419719235298317e+01
4.240125767299349491e+01
4.334764166326532120e+01
4.210015671405956539e+01
4.246879895327321464e+01
4.254007653710419845e+01
4.223484933955459297e+01
4.258903873946012197e+01
4.235437953354148988e+01
4.298879995452524838e+01
4.340521511329137638e+01
4.210516613060552515e+01
4.198603750287421121e+01
4.259075385004088332e+01
4.232834313601319565e+01
4.257028515691750670e+01
4.275528493592246093e+01
4.234875244995758692e+01
