7.111833419424674396e+00
7.111833419424674396e+00
5.159015329165106323e+01
6.216991194426320533e+01
7.337362731155765516e+01
7.632412774563454150e+01
7.543223343595306574e+01
6.883589609992532132e+01
7.423119842404224755e+01
7.067254454713818745e+01
7.754845240418669050e+01
7.665767300003619766e+01
7.268516968841717585e+01
7.629744696790957903e+01
7.708420191282294809e+01
7.128883423370582761e+01
7.702618589552920980e+01
7.192392080970289214e+01
7.344757142277686057e+01
7.370533542628056978e+01
7.365630108533098053e+01
7.298741039830467514e+01
7.489669324470199285e+01
7.766423883666746519e+01
7.266260888041233557e+01
7.630242098273592433e+01
8.012623589155516868e+01
7.809595215210113395e+01
7.496453171699212703e+01
8.247748204598676125e+01
7.176604405057200609e+01
7.607184902165019480e+01
7.552669590880309158e+01
7.896890327350720895e+01
7.304978796242198769e+01
7.725964089688754655e+01
7.405064846058211003e+01
7.812023127589171168e+01
7.617381038533805793e+01
7.575188922950147230e+01
8.031368491366973217e+01
7.103968781682431199e+01
7.671681065577948289e+01
8.315182238222091371e+01
7.325616541249978297e+01
7.197671114630728084e+01
8.011897820952965787e+01
7.500436547144546751e+01
7.323910486777370465e+01
7.608953242151291363e+01
8.330314328945057412e+01
7.765726258492354361e+01
