5.517627906726534359e-01
1.449438305315864639e+01
2.413629239915172064e+01
2.814277186146384935e+01
3.173509460939831683e+01
3.550949454820536033e+01
3.767081249078940886e+01
3.978438295567947591e+01
3.987116119563812333e+01
4.105660456824737992e+01
4.189636856096988993e+01
4.276939477249311494e+01
4.481554924649317684e+01
4.709666726531369818e+01
4.791909615486099483e+01
4.876679055088730763e+01
4.971372335246813634e+01
5.071063550056900482e+01
5.162986472430606000e+01
5.211556666451554065e+01
5.227135910764682336e+01
5.162979682425024919e+01
5.366036553323474578e+01
5.356139091188633472e+01
5.285631857263996380e+01
5.394095641374362771e+01
5.412678952839737434e+01
5.450001485489325148e+01
5.388332429338858987e+01
5.489791560962987660e+01
5.405004167732943188e+01
5.355246831216047809e+01
5.346128841169338841e+01
5.338176832646691850e+01
5.372656601123190967e+01
5.329486816511196423e+01
5.385643910888092023e+01
5.425797802907361245e+01
5.460650205316774475e+01
5.425430548402293596e+01
5.424151163862143221e+01
5.416878533357726155e+01
5.487129029664358626e+01
5.429579581477084815e+01
5.520464973681180254e+01
5.461661097136861542e+01
5.470094373246255515e+01
5.506590855950664576e+01
5.351490893456379894e+01
5.431624380632270999e+01
5.505691888852244631e+01
5.485129377769271741e+01
5.538134635132123407e+01
5.485061069120608579e+01
5.499541061699941480e+01
5.515459494009555641e+01
5.441746197995483669e+01
5.342101888061724679e+01
5.480671744248640209e+01
5.463984050304608076e+01
5.512911139126788385e+01
5.499435028459338071e+01
5.486797605210927031e+01
5.461281407425180845e+01
5.483319813737906401e+01
5.488137809570705627e+01
5.425366253883488810e+01
5.096997396409192049e+01
4.999558482511340429e+01
4.973340565278336811e+01
4.971503420531139739e+01
4.848276405084398277e+01
4.825722599762566745e+01
4.837728215112377939e+01
4.732096107864384749e+01
4.741398018637100620e+01
4.770053088432736388e+01
5.018080972450038502e+01
5.044172566026819737e+01
4.761679935011803622e+01
4.577357205457102651e+01
4.822568436756750998e+01
