-2.882015906897773316e+00
-2.882015906897773316e+00
5.481730948776410983e+00
2.518844504057577183e+01
3.056343211659090997e+01
3.169516845720157860e+01
3.182713187748809602e+01
3.409184173278457308e+01
3.770050775567956691e+01
3.591869652817420189e+01
3.545799082463634022e+01
4.287954827290646165e+01
3.884584606941207596e+01
3.819223256390363730e+01
3.455607730671556510e+01
3.682278137576604138e+01
3.506394478863640529e+01
3.772019721055995944e+01
3.386115404834436049e+01
3.590572621001805231e+01
3.635449366739486265e+01
3.922570655823322028e+01
3.868238024655921947e+01
3.717050548739699423e+01
4.617891086892213082e+01
4.626273499167314185e+01
4.247637379232695309e+01
4.428795680661447420e+01
4.335490777192489276e+01
4.741179516244857695e+01
4.799258837696997659e+01
4.939768996787897493e+01
5.134987169937321738e+01
5.408065885552257157e+01
4.991060745884150407e+01
4.736993159894100103e+01
5.031875366682753281e+01
4.979675910553197582e+01
5.137666644022751683e+01
5.412953402387361024e+01
5.033736798922613076e+01
5.168250579525856381e+01
5.308000443512336375e+01
5.484896600869600292e+01
5.530232906326821052e+01
5.634428987080175233e+01
5.634011655877797864e+01
5.124360161537835268e+01
5.637153138410990039e+01
5.285536438885426236e+01
5.705367578157733988e+01
5.611835063472737772e+01
5.433943503483472171e+01
5.651958424603774489e+01
5.746946665311170221e+01
5.566235888417861588e+01
5.635295009416284984e+01
5.901051853276192105e+01
5.545975738759734952e+01
5.837300532808549036e+01
5.659361154552054529e+01
5.500778259570174811e+01
5.458852246861347624e+01
5.547387585031917467e+01
5.862595092172953315e+01
5.323687624358749559e+01
5.707191888164734195e+01
6.086071608491765517e+01
5.369209636971656607e+01
5.727294835076342849e+01
5.776077200030177750e+01
5.711732590183137148e+01
5.824431555806718563e+01
5.576819851260270156e+01
6.135051416248833078e+01
5.866975887987034355e+01
5.149186710031541736e+01
5.394129848781689418e+01
5.392499729169882983e+01
6.046992653335792056e+01
5.870895090207578448e+01
5.711402033548129253e+01
5.733190897349352610e+01
6.049504105196772485e+01
6.005810506480886346e+01
6.074939867409212013e+01
5.851781792721376263e+01
6.053894233003040881e+01
6.007443074033773200e+01
5.964136904326951338e+01
6.146925924234430028e+01
6.020903944494708782e+01
6.259619697925663928e+01
6.148173573713692974e+01
6.028124034188788016e+01
6.202064418976176796e+01
6.720465046520260444e+01
6.802284415941053908e+01
6.638855480012634303e+01
6.282555658901850393e+01
5.990782890881068568e+01
6.321616713306328705e+01
