2.821852322415297376e+00
2.821852322415297376e+00
3.145567913401515625e+01
6.048244809155524138e+01
6.581821797279459929e+01
7.753700884271108862e+01
7.069998939451822650e+01
7.124098239682325584e+01
7.690183473159359551e+01
7.419281234972351058e+01
7.212730222082817022e+01
7.385687871399451865e+01
7.014271913905079714e+01
7.375319659475974277e+01
7.497889821594931448e+01
7.231672079818125098e+01
7.877424104065038080e+01
7.482762028526742881e+01
7.945806107261606144e+01
7.882777841375720129e+01
7.697794270098532365e+01
7.856871069756803649e+01
7.937564708845179950e+01
7.770761169125394474e+01
7.774967000517969495e+01
7.778691339709136798e+01
7.495322759072280405e+01
7.548331068942087541e+01
7.237246535517655843e+01
7.847908342540503668e+01
7.650830948021939548e+01
7.815779362493199756e+01
7.871031435244776731e+01
7.817849453160671658e+01
7.463801179282100406e+01
7.773306298105210033e+01
7.550197750562034571e+01
7.771333431358989685e+01
7.710031167508505234e+01
8.179872616773511140e+01
7.946998984956302081e+01
7.969485566737569116e+01
7.623909489196455525e+01
7.569910951974662794e+01
7.567404033454607770e+01
7.859455882947588634e+01
7.626316245050870180e+01
7.287460696516835412e+01
7.367823146437879700e+01
7.427772824855082945e+01
7.356633194406008158e+01
7.239933289109694670e+01
