-5.180555505770781721e+00
-5.180555505770781721e+00
-7.443023946423844572e-01
8.340139432770129702e+00
1.808478825990267325e+01
2.728014659631191918e+01
3.028215385832448803e+01
3.017975143444223107e+01
3.084050698436210070e+01
3.268932120337642289e+01
3.269361881546429061e+01
3.336182180526772356e+01
3.453917664369062379e+01
3.520553687922985375e+01
3.709145928395899006e+01
4.313811584868101079e+01
4.728073545372071607e+01
4.705542020460934793e+01
4.808151292246536457e+01
4.725348198352541829e+01
4.628494524413601141e+01
4.658813338866233522e+01
4.628291943209860904e+01
4.649832155656834942e+01
4.683134688281044333e+01
4.747151889781457612e+01
4.717341819475386444e+01
4.751598720860245351e+01
4.829749257779715066e+01
4.742668477887381329e+01
4.778882731303888676e+01
4.713339290869022591e+01
4.816904887313798866e+01
4.731456209742624708e+01
4.711174158438096526e+01
4.767259690037694497e+01
4.730874461826608979e+01
4.773210280387411331e+01
4.719505530288756745e+01
4.728458139241086400e+01
4.739795647347350638e+01
4.802807193301467237e+01
4.668116328936299908e+01
4.735678995960417126e+01
4.756422707965991492e+01
4.818556533561445576e+01
4.695850398719479557e+01
4.692996254000627943e+01
4.686137098555526137e+01
4.788143518803482124e+01
4.694445557117856538e+01
4.694480251880530375e+01
4.728858568187358458e+01
4.704226735250306035e+01
4.722586814425429935e+01
4.676330878035313532e+01
4.683927774234796004e+01
4.738761801674608876e+01
4.289763008205494543e+01
4.267268750495406948e+01
4.319681468866389196e+01
4.302257884469131710e+01
