-3.962127277122350133e+00
-3.962127277122350133e+00
5.663502722234542652e+00
2.004013582159062068e+01
2.429290687854670239e+01
2.685597339063570033e+01
3.043721274634922480e+01
3.151048767339845114e+01
3.155981982295883270e+01
3.121742631695257231e+01
3.205702541223064372e+01
3.325602280304307357e+01
3.438579351135301465e+01
3.982104305460330806e+01
4.491770837855510479e+01
4.425505060600003304e+01
4.341567134787072746e+01
4.415345657740378726e+01
4.515960471549838928e+01
4.544391730199204460e+01
4.476212630837898132e+01
4.503181323373831901e+01
4.478962207351494129e+01
4.527017439417231515e+01
4.544391292728161602e+01
4.476973178137613729e+01
4.610231877400875788e+01
4.435810069790409926e+01
4.604323703115768751e+01
4.442456196859249218e+01
4.406337191306592871e+01
4.372336635445519448e+01
4.435664224832175506e+01
4.231467049528993130e+01
4.259024946701521230e+01
4.272129097343092496e+01
4.243664918119544183e+01
4.294349894383641697e+01
4.218020189224114347e+01
4.265908744404342912e+01
4.348995942699959727e+01
4.322708323927714247e+01
4.255163330041121128e+01
4.247247879103521484e+01
4.288132289325145763e+01
4.288831190176816932e+01
4.265252349630215178e+01
4.264935431493238127e+01
4.266791188022503434e+01
4.248490738737420713e+01
4.290815760851408101e+01
4.354109162134184174e+01
4.309334874678180682e+01
4.325174358133864416e+01
4.242295671069753382e+01
4.286008008315208428e+01
4.241471506371192390e+01
4.296557376861068889e+01
4.288426047425811305e+01
4.254731757153696492e+01
4.277751036634534643e+01
4.217491928444597704e+01
