-3.438215719001087134e+00
-3.438215719001087134e+00
8.758412390489041854e+00
2.107186925685066825e+01
2.706289765397795577e+01
3.762378095319162696e+01
4.442795259879436998e+01
4.449753601584520624e+01
4.471675808470219948e+01
4.433255250906380240e+01
4.418272898082440037e+01
4.421123735171700986e+01
4.676374028379014192e+01
4.676491366748746259e+01
4.616122416258684780e+01
4.523468517878451678e+01
4.513122899869667037e+01
4.462064947103100110e+01
4.331307873499117989e+01
4.497671867972778870e+01
4.366695119564852945e+01
4.388584946501665485e+01
4.387393343955138647e+01
4.587017073100025044e+01
4.485156561810408249e+01
4.495807501045672439e+01
4.503495700233766996e+01
4.443038035574901556e+01
4.609161548727085034e+01
4.510243939047803963e+01
4.432388977313500789e+01
4.387315521392235951e+01
4.535413038198355196e+01
4.371354114723209250e+01
4.229171323033096996e+01
4.248314283984423412e+01
4.229178782568412487e+01
4.215883684307310375e+01
4.270965011976530690e+01
4.242540465507860148e+01
4.259120436192799986e+01
4.290605197116111924e+01
4.295515800456256272e+01
4.225406078615797867e+01
4.246540126123256442e+01
4.300014316566556261e+01
4.238387193871368197e+01
4.267254860563195251e+01
4.253961464115189983e+01
4.295971864325724709e+01
4.239585485037883927e+01
4.224946843368100247e+01
4.219189687828223612e+01
4.237137804235137395e+01
4.270553838207781894e+01
4.272106112406292766e+01
4.282255192038675062e+01
4.265553567731409856e+01
4.204060198743137278e+01
4.235422283852660286e+01
4.302372463119094448e+01
4.224583593166242679e+01
