4.829063953630656769e+00
1.699384810292391279e+01
2.331078552429438844e+01
2.500768058650985637e+01
2.652669362065034875e+01
3.277955047236405051e+01
3.427875571028123147e+01
3.597132935630817485e+01
3.661325403764290343e+01
3.996987684101065952e+01
3.839285308967954791e+01
3.861044991198958343e+01
3.937218272390975926e+01
4.094262638652592301e+01
4.059431114695750864e+01
4.272650923902588005e+01
4.108115216253357005e+01
4.428843868455326316e+01
4.477646780313932595e+01
4.644479814207322477e+01
4.895916370088072256e+01
5.021993561346020840e+01
5.075591011111453099e+01
5.080163249859145935e+01
5.171938909732195810e+01
5.063121136430604707e+01
5.080335139632124708e+01
5.226719975431701926e+01
5.316884111413910574e+01
5.278258342468349440e+01
5.226601861800272530e+01
5.148853672259893699e+01
5.023803413361095949e+01
4.783378482054733638e+01
5.087003798785281816e+01
4.974714022535088276e+01
5.115901351954865817e+01
4.985934962692802941e+01
5.152959800292412496e+01
5.049022484509869457e+01
5.172283167362678569e+01
5.072121731299482406e+01
5.142640673419314368e+01
5.069594619819463333e+01
5.059183303738333137e+01
5.139613908003789078e+01
4.927412057412847446e+01
5.080118973827229922e+01
5.092906683830030801e+01
5.024278796083904552e+01
5.150310707784776554e+01
5.016269838349499111e+01
5.129684598351940394e+01
5.061454035036059906e+01
4.908548657289357919e+01
5.191650522507798371e+01
5.163375460316408549e+01
4.723542084498532745e+01
4.723409963449936555e+01
4.672105905130455028e+01
4.533872863050419255e+01
4.763108107138953073e+01
4.768347808938862897e+01
4.613689847745274619e+01
4.781968916457460494e+01
4.852360298643934300e+01
4.595647367715471177e+01
4.716548492145914651e+01
4.637930810553532979e+01
4.541012098370451611e+01
4.581133659785225376e+01
4.404971225741199703e+01
4.500729564635588531e+01
4.532451586797967025e+01
4.621703867069641802e+01
4.495157398452441555e+01
4.601255426989331454e+01
4.809126475087659003e+01
4.934131185967417110e+01
4.774656498502385205e+01
4.422440242160204349e+01
4.507107384774185732e+01
