-1.755942481428488522e+00
-1.755942481428488522e+00
4.598977980281534705e+00
1.695020874601719996e+01
2.616453014804030630e+01
3.302186707151001599e+01
3.557918640227843099e+01
4.024106917391359417e+01
5.102813703540333989e+01
4.968019744234850066e+01
5.051755874869708407e+01
5.504212143970984528e+01
5.325156623531684374e+01
5.208947320081470167e+01
5.752849997489390432e+01
7.332954945325980134e+01
7.195191799310265424e+01
7.083185343332938544e+01
7.307169702673904510e+01
7.195197547446942110e+01
7.421861500017018898e+01
7.373880647718385717e+01
7.283847644060924154e+01
7.309839409462929893e+01
7.195508579262738635e+01
7.739808262151805707e+01
7.311592370752455849e+01
6.968993654093173973e+01
7.420575097395357034e+01
7.354654801433221678e+01
7.352097401908181951e+01
7.329513116510204895e+01
7.351794767651887241e+01
7.288245483394976532e+01
7.173978116986030784e+01
7.083974392384808993e+01
7.396564615172962931e+01
7.082696865074092329e+01
7.197703738839447851e+01
7.132187990166828229e+01
7.129171701571215181e+01
7.150308576478927591e+01
7.086609858858761868e+01
7.085325893558835730e+01
6.993129103903424948e+01
7.174698508188124890e+01
7.244635787098954438e+01
6.971145498039805943e+01
7.176136502330014366e+01
7.173608293730647745e+01
7.152867762406533814e+01
7.059598334891906291e+01
7.153808611627029279e+01
7.375721823410087552e+01
7.037078720948368016e+01
7.153985855367866975e+01
7.084688536580799223e+01
7.126022752763405776e+01
7.149260705098730284e+01
7.058695290167857195e+01
7.082731464387711640e+01
6.969352330777245186e+01
7.105754298589650375e+01
7.197003885126775913e+01
7.015625787044240269e+01
6.969742933097379023e+01
7.132011162112293334e+01
7.044095264934401257e+01
7.151298750954674688e+01
6.995325740039558582e+01
7.082797437874383206e+01
7.014873975256705307e+01
6.970372665664160650e+01
7.107164818838595011e+01
7.082482702635388705e+01
7.107157061337466075e+01
6.970930247565580373e+01
7.084811239618750278e+01
7.018476429805711803e+01
7.267024867892840234e+01
7.015469731676571996e+01
7.062708636241059423e+01
7.106818111663217508e+01
7.239441170797991276e+01
7.129487977172171043e+01
7.107653401436346030e+01
7.106942038123807492e+01
7.263912644194255108e+01
6.994572562111927994e+01
7.039396754893499519e+01
7.039752569086772382e+01
7.085876813698101273e+01
7.060308993363450725e+01
7.040343576804613690e+01
7.106998697237096962e+01
7.084143628468488885e+01
6.969089205342224602e+01
7.419436898245905354e+01
6.975031985118255307e+01
7.039106322657110582e+01
7.263214686326678304e+01
7.154960853991735803e+01
