1.949028150408157689e+00
1.837489482138503760e+01
2.780554283406890903e+01
3.303884945646269955e+01
3.444017714450667711e+01
3.796520681480859594e+01
3.900570395416032454e+01
4.110192160184449506e+01
4.289690636055483708e+01
4.319077406012687703e+01
4.495565658333274683e+01
4.450517317193002498e+01
4.517191114818520248e+01
4.477602101779400812e+01
4.612934764114086050e+01
4.747520672177832779e+01
4.738073510040519665e+01
4.673427033515122275e+01
4.887105304165631026e+01
4.746068640309233899e+01
4.835815738780520689e+01
4.989794514254706570e+01
4.958670459517577456e+01
4.934383292057533765e+01
4.886001470510279887e+01
4.995815111643808848e+01
4.818135144066414455e+01
4.983620080252624973e+01
4.993691419075370419e+01
4.902860206095019890e+01
5.060326522555537565e+01
4.990494879620827362e+01
5.008674624995212099e+01
5.055644764180522799e+01
5.029679845809600636e+01
4.852873541413622149e+01
4.984452780670731187e+01
4.909978480785777322e+01
4.924077349106688217e+01
4.884891833275499096e+01
4.996290754569000825e+01
4.838290993602167589e+01
4.918566309847512485e+01
4.822784646770163164e+01
4.855728375406064856e+01
4.974565562344528047e+01
4.928577638780696191e+01
4.907421966202927877e+01
4.841691518582753417e+01
5.041654865694827947e+01
4.988671311280258891e+01
4.855591330512222470e+01
4.786085811809562074e+01
4.811052788651046797e+01
5.033912314415078271e+01
4.921253993591869857e+01
4.850287369285749861e+01
4.386009526967584549e+01
4.232376217098787663e+01
4.220159446081656540e+01
4.322525106901541392e+01
4.213225512258750172e+01
4.234060399024836130e+01
4.229280286747298589e+01
4.233129329355725901e+01
4.284971230652971741e+01
4.198578640482339353e+01
4.213709426551194070e+01
4.258568637341583951e+01
4.370682351474599869e+01
4.129962032333527588e+01
4.307622901329161635e+01
4.151030989305634478e+01
4.409391201682483086e+01
4.086954469990446626e+01
4.287613113866328973e+01
4.209192174504255490e+01
4.317247313552736188e+01
4.342438489167805926e+01
4.165242485653410398e+01
4.195712915923045472e+01
4.126674113808188338e+01
