2.948809816252487614e+00
1.720012277309444571e+01
2.611345627181925266e+01
2.691948020952152021e+01
3.329034727421454676e+01
3.840999491604723204e+01
4.104488708556186793e+01
4.259811025042514387e+01
4.438685031195607422e+01
4.376717096116596650e+01
4.652479310682847569e+01
4.628091649140127117e+01
4.780263841691779447e+01
4.832087112217788416e+01
5.012951733713623526e+01
4.979614165705446283e+01
5.104744873449025988e+01
4.951204344919220546e+01
5.078136493221545322e+01
5.128638382049508948e+01
5.027630492225198822e+01
5.117838419279727447e+01
5.126414230344524015e+01
5.119377063767882419e+01
5.219149671812292723e+01
5.173250325821015849e+01
5.198245569971002311e+01
5.237936541163080761e+01
5.186334893146992187e+01
5.082023859131832921e+01
5.303946888445454988e+01
5.143098203158398007e+01
5.143671961876215448e+01
5.343703044738875008e+01
5.284908870844407147e+01
5.368894121480504111e+01
5.155884880321190167e+01
5.291053273579611727e+01
5.299203910702567555e+01
5.206167923431478073e+01
5.255228904474950014e+01
5.297114878205039901e+01
5.200650471194651203e+01
5.295860034628481117e+01
5.339804063926737854e+01
5.224070925824033651e+01
5.298392323036439677e+01
4.746637942332763771e+01
4.840449937575392880e+01
4.742662340265642484e+01
4.739129221118373181e+01
4.807782187484737335e+01
4.764793569720134059e+01
4.594560817180349943e+01
4.689411189488297538e+01
4.550280991512649820e+01
4.701295300657277210e+01
4.781344219780059035e+01
4.723287123344351812e+01
4.638245370069292761e+01
4.625056152117795705e+01
4.622369903146930881e+01
4.450629069937527049e+01
4.460330650564670663e+01
4.586788213918659096e+01
4.560316087064936852e+01
4.486076018487089812e+01
4.603406773824270459e+01
4.493002329696245312e+01
4.735118167961284286e+01
4.624541979872477526e+01
4.422375536941893870e+01
4.739824985945692504e+01
4.556154085083205985e+01
4.689113607356254931e+01
4.605920087651926309e+01
4.731036245352908054e+01
4.660474736797061013e+01
4.802489748561112748e+01
4.582477947188391454e+01
4.587236149749112712e+01
4.632789777628422456e+01
