-5.488610322635049776e+00
-5.488610322635049776e+00
2.679513173298455619e+00
1.689578639871839982e+01
2.158958697883484845e+01
2.243270552227196646e+01
2.314489952685854135e+01
2.567370278513494597e+01
2.589467649589659004e+01
2.834298648227060013e+01
2.894935977566149887e+01
3.331371352164673283e+01
3.302465340303975694e+01
3.358185155408857980e+01
3.304853682333557430e+01
3.346997393881264315e+01
3.328837233961254327e+01
3.388947068878746904e+01
3.352667564773144449e+01
3.252337536610356494e+01
3.402453764417675330e+01
3.443841516415634629e+01
3.478894311921984439e+01
3.495444438612943117e+01
3.515205873473468046e+01
3.419833629189326984e+01
3.420456347616624981e+01
3.468834804000164240e+01
3.524639266676395977e+01
3.444219601934436525e+01
3.403767142160342019e+01
3.452781913903798028e+01
3.451608939167865486e+01
3.423091745107827677e+01
3.454689411410921451e+01
3.470696647160317383e+01
3.479416917985319913e+01
3.422137347849520950e+01
3.248746827457463837e+01
3.234707474061031007e+01
3.235037536158348104e+01
3.219283399280953972e+01
3.203874647590707525e+01
3.243316925056938516e+01
3.204679995217217936e+01
3.202389943646939940e+01
3.245559939110371772e+01
3.170318775020036384e+01
3.215727072517937302e+01
3.190420026784333984e+01
3.209339816645029231e+01
3.183944281732798487e+01
3.230379379881601665e+01
3.195880737876870015e+01
3.207108007031361296e+01
3.191120389632678922e+01
3.189723470449148479e+01
3.181599461793250683e+01
3.229503123446276192e+01
3.227800788669117793e+01
3.293669526033713879e+01
3.235567447966823096e+01
