7.730454519692898652e-01
7.730454519692898652e-01
7.236003029112286988e+00
1.643404018022215496e+01
2.214425558490977153e+01
2.273248899763557063e+01
2.465233784220879443e+01
2.599107507431821418e+01
2.860946184114329327e+01
2.925786135484569073e+01
3.062471001236848522e+01
3.199873667750627249e+01
4.175129077860563598e+01
4.588064854679389981e+01
5.033320005612465309e+01
5.256995069969583056e+01
5.330936526166225775e+01
5.546687951869179756e+01
5.526926956801796820e+01
5.707833024767759866e+01
5.806876649849902350e+01
6.163140031948118747e+01
2.664255187311745132e+01
2.988020185045981236e+01
3.158849172091670354e+01
3.175410097972618217e+01
3.435845639899289239e+01
3.519107884369822870e+01
3.713526330037316825e+01
3.769684704150309074e+01
3.823299574020041547e+01
3.804399332736367967e+01
4.935797508263349442e+01
5.439241325578516495e+01
5.864973461548131439e+01
6.002395115886960753e+01
6.255654081564735947e+01
6.352591116677473337e+01
6.561674118945003897e+01
6.643152176305639500e+01
6.855842344813216016e+01
6.797746573575270190e+01
4.965701416932687806e+01
5.105975836409583479e+01
5.229323906004246680e+01
5.241172370754007659e+01
5.278326366427814520e+01
5.223325799061934305e+01
5.314388821984633893e+01
5.263861451581368556e+01
5.372668398635423870e+01
5.399411413819010619e+01
3.563714112570093562e+01
3.435120589650620815e+01
3.508692671185305301e+01
3.652695881240097719e+01
3.666017769045986086e+01
3.642481773986312277e+01
3.833192323350350250e+01
3.898322734697438108e+01
3.838161881586138691e+01
3.956790194103557212e+01
