-4.018576195526060602e+00
-4.018576195526060602e+00
9.985246812293663288e-01
1.651675675871457472e+01
3.131601834347402047e+01
4.143171279955394937e+01
4.143485375421438732e+01
4.141220819044050216e+01
4.322859406703510388e+01
4.142101955532389468e+01
4.415505066340274709e+01
4.210936737167686772e+01
4.323304835484763942e+01
4.547338275517027739e+01
5.019924479209392132e+01
5.983012966924950149e+01
5.625823694564567035e+01
5.668892646876774677e+01
5.601344783754596079e+01
5.622682108278991109e+01
5.601316314214309244e+01
5.740765240727461105e+01
5.668445543646832618e+01
5.716527166039772823e+01
5.515545283935070131e+01
5.827897622779892117e+01
5.489283389964968762e+01
5.712904147278732125e+01
5.601214980802446775e+01
5.601473706125570828e+01
5.645779512118785703e+01
5.713662554157116347e+01
5.602027295980921906e+01
5.600818929767604004e+01
5.671197061360362568e+01
5.713088368975621734e+01
5.758600421346202580e+01
5.578040644985984642e+01
5.780232519488496479e+01
5.488077596268591662e+01
5.599736335038288360e+01
5.715646733472748053e+01
5.713631482066972467e+01
5.513196838485878004e+01
5.600758898821445797e+01
5.489835359367320677e+01
5.510145124054957932e+01
5.487682277069967540e+01
5.689505369215414987e+01
5.558000555689208255e+01
5.488152056745975926e+01
5.487324261563485095e+01
5.488332242523430438e+01
5.513385630811802685e+01
5.578386350187547293e+01
5.488457588860885750e+01
5.510940317772019625e+01
5.512051256367031726e+01
5.668927670246741712e+01
5.489166330247319081e+01
5.511161498927138780e+01
5.579204021909812639e+01
5.602106340390266581e+01
5.644759247038571459e+01
5.538310751211863447e+01
5.511661948914729692e+01
5.489347722395348228e+01
5.486193404431995901e+01
5.488709878216521076e+01
5.488762311263933213e+01
5.601219706336659954e+01
5.511819713119770370e+01
5.491018624366969192e+01
5.490514874529177547e+01
5.512823790909904176e+01
5.510964982973430182e+01
5.668512567677665714e+01
5.510838156932550191e+01
5.601289316251281747e+01
5.489713387253707566e+01
5.489667395938481320e+01
5.489838884864779800e+01
5.489008650786890087e+01
5.489804246372587215e+01
5.489365389149897112e+01
5.602144848612188355e+01
5.599534070638255656e+01
5.558910216960443762e+01
5.738825782066976444e+01
5.676452161653926254e+01
5.558663577848123083e+01
5.691365945083693845e+01
5.826850824674284013e+01
5.533749568434379995e+01
5.489655312886311833e+01
5.824940149222811669e+01
5.603304264938874724e+01
5.489240301806275113e+01
5.509661224465079243e+01
5.622466714605168647e+01
5.510758200036881505e+01
5.644802228674758737e+01
