2.565453151625352923e+00
2.565453151625352923e+00
2.139267836784949495e+01
3.184171240066915587e+01
3.970342167900362540e+01
4.214140453519091523e+01
4.240146985723618656e+01
4.532539678069238676e+01
4.581475081967541030e+01
4.787882884182928223e+01
4.869109136529513648e+01
4.904704021790671220e+01
5.041334987769388221e+01
5.318783830355462072e+01
5.380959063012213051e+01
5.558833321595009380e+01
5.713607801009830212e+01
5.855756947109004784e+01
5.996533977633092150e+01
6.161677415811466574e+01
6.279683950311127916e+01
6.362504986631322623e+01
6.482180985487212865e+01
6.453671343383204828e+01
6.664591725980682213e+01
6.699382506113497016e+01
6.724818405083175321e+01
6.703677768617491495e+01
6.741645050255336002e+01
6.901458766751042617e+01
6.873323792166856094e+01
6.919946429077167238e+01
6.930061119591670149e+01
6.931233519364499784e+01
6.883346422597901437e+01
6.915245725833956669e+01
6.921841648052101448e+01
6.961114159496899845e+01
6.946287842576646199e+01
6.972353861527818708e+01
6.956320098833856491e+01
6.847427246270041223e+01
6.969337246713709533e+01
6.934324622091055801e+01
6.915617747159238604e+01
6.905359415963769720e+01
7.034860272379584956e+01
6.892122237100386428e+01
6.947973634494674400e+01
7.002642657998177356e+01
7.028657464618773076e+01
6.992616882826898461e+01
6.978375352949223043e+01
6.964871172503725916e+01
6.934707244316223296e+01
7.009202030514533988e+01
7.080136476124206979e+01
6.995914699063848730e+01
7.085827602662773472e+01
7.066366975526192107e+01
7.130477001753919808e+01
7.014266293316799761e+01
