3.308653114664059647e+00
3.308653114664059647e+00
1.173945660985342698e+01
2.130598595654381811e+01
2.846924983197955328e+01
3.462332244799436864e+01
3.544112066486275836e+01
3.744801911010039674e+01
4.020892101066577595e+01
4.105379428854836732e+01
4.165782060169048151e+01
4.101310219150460057e+01
4.141805544353618984e+01
4.257610981669773054e+01
4.272833630289985507e+01
4.334005540158866410e+01
4.390950898700448590e+01
4.353110986550144190e+01
4.304593595465853184e+01
4.443110011709433849e+01
4.386687417208180761e+01
4.443779920116732285e+01
4.490051997668982864e+01
4.598041410166807452e+01
4.540460429895152572e+01
4.545251663088262006e+01
4.644398053679923066e+01
4.555287421617562416e+01
4.629352166586987494e+01
4.512881304342906219e+01
4.586746780653918876e+01
4.670411507593166789e+01
4.683748470833916144e+01
3.795422898662129541e+01
3.743279770039735865e+01
3.634677088693185709e+01
3.792486752164968067e+01
3.937126513746384404e+01
3.786827036821068759e+01
3.587022667580983182e+01
3.715321629094954403e+01
3.737881195250180610e+01
3.906028195217297849e+01
3.810478797929474837e+01
3.860944522182610683e+01
3.657313055004242131e+01
3.608308250336244072e+01
3.860883823352430966e+01
3.538333749302486808e+01
3.653191863182359356e+01
3.483256114324751707e+01
3.646520453577941367e+01
3.712450397795667101e+01
3.803908658390772501e+01
3.700011283094209347e+01
3.729472598616872858e+01
3.870792162987169860e+01
3.676956049662523185e+01
3.862759133294905212e+01
3.966214448952434424e+01
3.823353217332024911e+01
3.811190481152343779e+01
