2.982825217263246564e+00
2.982825217263246564e+00
1.742474882767269051e+01
2.753599401917787404e+01
3.620066851064290603e+01
4.143088106759384459e+01
4.376090294036183792e+01
4.569885661957269463e+01
4.744872456946327333e+01
4.991116527096797029e+01
5.068883385578906342e+01
5.233146289960362907e+01
5.333424172298331456e+01
5.366766421094784079e+01
5.536737323415380274e+01
5.702717050370667806e+01
5.651774280912406567e+01
5.803443457545620987e+01
5.771235155329900124e+01
5.835515590972405420e+01
5.893875764345801826e+01
5.914383825557681718e+01
5.970679668254641825e+01
5.921097895353293694e+01
6.018031568960229549e+01
6.046889960924919905e+01
6.063018137585858369e+01
6.125892953871561986e+01
6.208637163606638154e+01
6.265100302328137616e+01
6.224027746228509983e+01
6.326348762421385175e+01
6.349057504795892015e+01
6.371000639579987990e+01
6.420308700835697380e+01
6.447983951565653626e+01
6.510756948044823389e+01
6.455348954830569141e+01
6.464060877732070765e+01
6.483349853886340952e+01
6.438625965618483349e+01
6.609396066415588678e+01
6.580331076228337395e+01
6.667689647968364852e+01
6.601533782796455796e+01
6.537763181406010915e+01
6.619004142207433006e+01
6.711857444445335830e+01
5.781738823013104422e+01
5.740774872229504666e+01
5.523727968695574475e+01
5.880562937536614498e+01
5.620165120040351070e+01
5.601552490790147942e+01
5.499435662896414811e+01
5.809103565278419978e+01
5.611599022069451337e+01
5.649249160665781488e+01
5.653783707191648489e+01
5.701145743376137887e+01
5.591361140696478316e+01
5.505041360904854741e+01
