-2.932325384085629483e-01
1.560433282842312863e+01
2.150173471928930624e+01
2.591813464306687109e+01
3.326822709330660643e+01
3.546450319174031307e+01
3.606930550200694086e+01
3.885739698464176684e+01
3.973293702404764360e+01
3.914842371778174623e+01
3.893566255337276516e+01
3.856356336410477326e+01
4.105331125899446221e+01
4.168822477350089173e+01
4.201546428382609832e+01
4.414205147041344901e+01
4.496549213191244831e+01
4.560862251014665247e+01
4.650377752773854212e+01
4.762875481877608763e+01
4.640718041470019273e+01
4.781314288702206738e+01
4.841662402326095105e+01
4.943443729282414267e+01
4.871682063546955987e+01
4.982649853928371897e+01
5.100309360793919922e+01
5.022550432820700905e+01
5.119091555513345781e+01
5.159593929052861938e+01
5.140314311501075650e+01
5.141308922527788638e+01
5.088541038100771630e+01
5.161427802318792146e+01
5.107149104679761820e+01
5.116055074555412574e+01
5.169778687123264405e+01
5.124736836685474373e+01
5.179941940348835772e+01
5.191568741808597309e+01
5.201237970841172853e+01
5.130703845269467678e+01
5.202086379952086048e+01
5.237430198638404732e+01
5.199380605292773083e+01
5.225396434718269489e+01
5.251124255684453601e+01
5.269663149519092116e+01
5.249574752588107174e+01
5.216774621474191775e+01
5.290043970221307745e+01
5.262615235133222313e+01
5.233372871388869640e+01
5.325440079996072029e+01
5.329176800376080791e+01
5.323843907885005677e+01
5.394357120102586123e+01
5.374288061414091544e+01
5.377165636263657689e+01
5.379435937812089463e+01
5.408776110356516398e+01
5.358176336448849497e+01
4.649843394484672388e+01
4.896296083763802187e+01
4.886087000521588664e+01
4.625529462640379563e+01
5.055879389552336534e+01
4.711466863492875490e+01
4.968357324031659772e+01
4.860180547627150816e+01
4.649409089796093753e+01
4.817294231360644829e+01
4.846119854517024095e+01
4.930339224693050681e+01
4.977484564692942115e+01
4.775283974504570494e+01
4.689310102376690281e+01
4.814463809728963639e+01
4.935057410905178443e+01
4.722266392360103282e+01
4.572412305317391201e+01
4.929993662914078101e+01
