-3.281316649695175336e+00
-3.281316649695175336e+00
1.595468371021704357e+00
1.783710177760685767e+01
3.553129397653020760e+01
4.721112265194166469e+01
5.230485398621199522e+01
5.072993409944309917e+01
5.322831450749248461e+01
5.763171147114629633e+01
6.314808018914163767e+01
7.636246245569336111e+01
7.264294416095826534e+01
7.437753693101922181e+01
7.531842871586296440e+01
7.710344634035978117e+01
7.351645660968347329e+01
7.487442038362701169e+01
7.576017044260410671e+01
7.413487349490162615e+01
7.213825502979815951e+01
7.281751376863935832e+01
7.568525281535681870e+01
7.216907923648808776e+01
7.215847209557368558e+01
7.736047671945193827e+01
7.413634403811931861e+01
7.414713108089638638e+01
7.120521309002249666e+01
7.618253530994299183e+01
7.419505103247101374e+01
7.354060430820729266e+01
7.502735914450948940e+01
7.104542569047464440e+01
7.308193079131324055e+01
6.996078452349843246e+01
7.037634361380737857e+01
7.038981624562661921e+01
7.082615219462145717e+01
7.107437655554683431e+01
7.152352871938633427e+01
7.062057135562254473e+01
7.106859968439522390e+01
7.530615699702137533e+01
7.042647429913043311e+01
7.105987263163889622e+01
7.063405050438818478e+01
7.216576096713535549e+01
7.085304178086974503e+01
6.994925538686095479e+01
7.107707153075546103e+01
7.173201527854152459e+01
7.085546993409346328e+01
7.198268675360979785e+01
6.996513376030358700e+01
6.974256187759833381e+01
7.262860166376826498e+01
7.287840333462960984e+01
7.016460897813915665e+01
7.081170393327468560e+01
7.019487958202142863e+01
7.037360071444565790e+01
7.084583243764856775e+01
6.975200009204483820e+01
7.084247957420083708e+01
7.330443156421986828e+01
7.196508254697560858e+01
6.997105153572017855e+01
7.084102547659942672e+01
6.973634942893295374e+01
6.968803803201983271e+01
7.063326147927830334e+01
7.352988341804248762e+01
7.244272831924111244e+01
6.997508398464887591e+01
7.063446890848628357e+01
6.971512091817325540e+01
7.267676681731441590e+01
7.017000307307014850e+01
7.171944308068734131e+01
7.129555824350731541e+01
7.293248661166339275e+01
7.264262256963263553e+01
7.084455338817524250e+01
7.040887060131115049e+01
7.132435689074051766e+01
6.996413039290932545e+01
7.085194925261778565e+01
7.422193039592866626e+01
7.135114386963627453e+01
6.974777876796861165e+01
7.084068945551959473e+01
7.152938452020377724e+01
7.306671726745700823e+01
6.995639763674464007e+01
7.174057053654088634e+01
7.217975307596455536e+01
7.173205662911489355e+01
6.973034401116430558e+01
7.062166313600442891e+01
7.285479749979178621e+01
7.024871881145506336e+01
