6.313361806543417387e+00
1.561426553239110149e+01
2.506220392781593276e+01
3.126549272791699607e+01
3.203956872766543995e+01
3.549096474085750685e+01
3.649974578498229505e+01
3.662259278304247800e+01
4.080487003409475477e+01
4.029630443774554749e+01
4.264567504130650377e+01
4.230792521744838552e+01
4.278042394521786207e+01
4.337518096891083985e+01
4.470112671242959834e+01
4.624157036445318880e+01
4.548173479505828709e+01
4.717081581052151762e+01
4.652240328011368575e+01
4.751276309615370508e+01
4.795940021264260622e+01
4.808898766483936527e+01
4.741727091758100698e+01
4.984332653108693734e+01
5.123096140270072141e+01
5.049837179027547052e+01
5.129715281107594649e+01
5.098265307650672895e+01
5.099216782214290333e+01
5.095383507296713788e+01
5.234884225277903624e+01
5.235287672031406458e+01
5.268783827929765806e+01
5.119706900602110267e+01
5.240489621681543753e+01
5.345409014085258548e+01
5.288926437439042871e+01
5.342556542607421477e+01
5.306893935381442873e+01
5.268920640538060240e+01
5.376920284007426432e+01
5.397235441357207719e+01
4.771832888503337244e+01
4.554884282677215879e+01
4.513539101715963398e+01
4.666745028575021337e+01
4.762713539561086407e+01
4.584467825459122281e+01
4.690217637618589208e+01
4.730158050380053680e+01
4.563627397861069568e+01
4.752671063737386703e+01
4.527132326881781665e+01
4.891976146672652703e+01
4.622004913141840632e+01
4.790056804445889327e+01
4.706433369893350971e+01
4.593239801255190002e+01
4.643573016992301206e+01
4.540380434393277653e+01
4.660401437075643116e+01
4.707789905554567866e+01
4.621006561725353379e+01
4.528369183858426084e+01
4.685429665723115278e+01
4.634678777882733414e+01
4.612411259597940472e+01
4.671094745024098671e+01
4.752844640682528876e+01
4.627979614005899833e+01
4.454402055384704084e+01
4.814781417279569098e+01
4.264847126010631939e+01
4.754066886641635392e+01
4.609762915141430994e+01
4.643716299076604059e+01
4.696993431286272624e+01
4.646134406434166664e+01
4.639323474712311679e+01
4.714984380877310599e+01
4.527259096606555033e+01
4.682269376454356546e+01
