9.217289365535753509e-01
9.217289365535753509e-01
2.697901754603572755e+01
4.882417947883241993e+01
5.320738160366180125e+01
5.750636068862020522e+01
5.462782477568111972e+01
5.852640223997972413e+01
6.247826142079495781e+01
7.170588945981633344e+01
7.101592207029388248e+01
7.250421133321280820e+01
7.467261177240752090e+01
6.878007129604813485e+01
7.041352816791876990e+01
7.033131674909077447e+01
7.257111744457520786e+01
6.806328806049182845e+01
7.140187645649356796e+01
7.062690752006326989e+01
7.063909845734471560e+01
6.929984074971903851e+01
7.243352482407689763e+01
6.537791252237192907e+01
7.349012914737363644e+01
6.947428755177864446e+01
7.086090479667849706e+01
7.052469844835579238e+01
6.696515545257663860e+01
7.210514862147600468e+01
6.809825907441303627e+01
7.104354887179027855e+01
7.113764254600984316e+01
6.912988227758435755e+01
6.889835769609938154e+01
6.704808935431785244e+01
6.812454935318878313e+01
7.125176746046938092e+01
6.971636564364800392e+01
6.904406766126234629e+01
6.995581700222112431e+01
6.795904997605668996e+01
6.809595609512234660e+01
6.527212517955720728e+01
6.523557675533753297e+01
6.534659102374257600e+01
6.684290375576657084e+01
6.481651176862911257e+01
6.724435658276919980e+01
6.712920941727698221e+01
6.462042696794438257e+01
6.599797865285806608e+01
