-1.417135709752044948e+00
-1.417135709752044948e+00
1.276044852272055508e+01
2.180016331580085875e+01
2.350358625037117477e+01
2.883561520544038359e+01
2.886116115327634901e+01
3.007131748974653718e+01
3.512392828797381128e+01
4.024533505583455906e+01
3.965075916893009378e+01
3.833673520923895239e+01
4.028568232034622554e+01
4.015574191313122299e+01
4.017154316154645954e+01
3.985999366042328518e+01
4.058664612953855055e+01
4.174019518585500776e+01
4.124555754160338950e+01
3.974832335513715265e+01
4.162124083870521929e+01
4.046013562059471269e+01
4.182165842709436276e+01
4.130417470431387983e+01
4.030663073656637607e+01
3.978009554426123628e+01
4.155661428101771548e+01
4.124128151859022040e+01
4.169897275372588297e+01
4.195965779733869283e+01
4.102703580324042321e+01
4.065601815105269168e+01
4.021235712476707391e+01
3.920742833598558263e+01
3.991832678198666429e+01
3.995931855443981107e+01
3.945162434573765609e+01
4.041406411459479386e+01
3.981950193328113130e+01
3.942543429197654348e+01
3.976262749734634383e+01
3.962438176675321699e+01
3.940135419693888252e+01
3.957084858598886257e+01
3.953011689069163737e+01
3.945732053614522528e+01
4.004160130911138538e+01
3.952920195463515540e+01
3.998361955880494634e+01
3.965931047490822436e+01
3.944640931957032848e+01
3.970530875818504057e+01
3.979289247273793251e+01
3.940180291778126787e+01
3.952984690243765442e+01
3.941678634028424710e+01
3.958871236256735671e+01
3.986723785251724905e+01
3.991648956211999177e+01
3.927886371484173367e+01
3.998582711184225502e+01
3.953088635709808329e+01
