1.786592381046523625e+00
1.786592381046523625e+00
1.296422778138978060e+01
2.216641987854233520e+01
2.497685366092987280e+01
3.137396234364421943e+01
3.226670898978901647e+01
3.401816524049795021e+01
3.612290337241253724e+01
3.627719589148247081e+01
3.847456818642731236e+01
3.839821256343713429e+01
3.854411391950832666e+01
3.983546310208917163e+01
3.998219147179598565e+01
3.944126767289060354e+01
4.176569937943109068e+01
4.270893495051903699e+01
4.185974540996387105e+01
4.199239444478825334e+01
4.259777751612516283e+01
4.191728420850092363e+01
4.182117540867860583e+01
4.334207120676551028e+01
4.348805236197884483e+01
4.236799856535711228e+01
4.415486834262801352e+01
4.428175430973985272e+01
4.454747592981938453e+01
4.403162866368481332e+01
4.459209993508592618e+01
4.498595207815049690e+01
4.492969489735882860e+01
4.483973806662709904e+01
4.555574996186158643e+01
4.546757743823558684e+01
4.528470050272260750e+01
4.586815099425991349e+01
4.607647761205964798e+01
4.562891374815407630e+01
4.582114027130101874e+01
4.577698538436917630e+01
4.531531115549907440e+01
4.559654244465716744e+01
4.531777930857851544e+01
4.535038013356732733e+01
4.552282273950522296e+01
4.577473722959938840e+01
4.617052118837461450e+01
4.688474542645134591e+01
4.635376450818966987e+01
4.679539927067558125e+01
4.621379103851249681e+01
3.910522941210791004e+01
3.850177120497809113e+01
3.795163302203245337e+01
3.690933158557685090e+01
3.535745850418325631e+01
3.884235529615009597e+01
3.628787705156266696e+01
3.792117240264999367e+01
3.739397235757884630e+01
