-1.283962707756876931e+00
-1.283962707756876931e+00
8.721269111492226500e+00
3.144533636956699496e+01
3.489248346067196849e+01
3.287996091055173054e+01
4.424849993702863316e+01
5.083776732759041295e+01
5.110179698312281005e+01
5.601165460514211958e+01
5.997255242078642823e+01
6.355936991259763147e+01
5.704650815884241410e+01
5.775037577262897059e+01
6.311574353767248624e+01
6.591487314518587937e+01
6.969099624887186906e+01
7.398199941343636965e+01
7.333331611241618475e+01
7.351860388824779591e+01
7.509754046535420002e+01
7.534936716655087707e+01
6.970273006566483787e+01
7.244161422536862460e+01
7.443023506970148162e+01
7.534579686101497487e+01
7.244374375313411463e+01
7.307616118944606853e+01
7.149468483730549906e+01
7.242555107856487950e+01
7.083560654703062198e+01
7.578427724542771671e+01
7.402369895673213307e+01
7.510025460727581503e+01
7.284685288595235875e+01
7.380256848928881652e+01
7.645442514345695884e+01
6.993813026782663655e+01
7.306796664290189369e+01
7.376095608251492308e+01
7.285886429117509522e+01
7.306637080213616287e+01
7.241180272767817883e+01
7.131140894009030262e+01
6.974099935894680868e+01
7.106096300395847720e+01
6.975224077840982773e+01
6.994941956114594461e+01
7.106510134945796153e+01
7.240354427304200158e+01
7.128007822660305237e+01
6.975440895704255695e+01
7.082955463136477192e+01
7.088700938189136025e+01
6.973539318076797144e+01
7.037907195683619932e+01
7.084398280092372602e+01
7.107849287822330098e+01
7.037146490771002050e+01
6.969601150430783321e+01
6.993682096449902019e+01
7.085575270641265888e+01
7.086754965055106936e+01
7.309103505775050280e+01
7.152669645204086635e+01
7.086199411759730538e+01
6.996694854429166810e+01
7.082838352860602527e+01
7.129624896373314868e+01
7.175608514393148596e+01
6.972929812893207213e+01
6.997154600612449826e+01
6.972208466494710422e+01
6.997709533242148439e+01
7.039272108354289514e+01
7.107272660141059362e+01
7.039863048425964109e+01
7.084307247896497017e+01
7.197017664143803017e+01
6.992736167781274048e+01
6.994464762861494478e+01
7.173909024879991136e+01
6.974266837395461494e+01
7.107680541369509797e+01
7.216681580020033948e+01
6.973959231633031663e+01
6.973235394358312078e+01
7.196520315944516710e+01
7.084521116358726545e+01
7.107820468085641608e+01
7.288277635075749572e+01
7.173465833692804949e+01
7.086869339811204327e+01
6.995989382321334915e+01
7.062957515627815042e+01
6.971611198605482684e+01
7.420751033088941995e+01
6.995669869613641367e+01
7.016376608559258443e+01
6.971842835737336941e+01
7.196313016096797810e+01
6.971462192515475920e+01
