7.675061193407226590e+00
7.675061193407226590e+00
4.514783512318264513e+01
5.968561305886507995e+01
6.720456769464860258e+01
7.545977522585872066e+01
7.355000670886911962e+01
7.301309106215327915e+01
7.300327865543508210e+01
7.486041732049486086e+01
7.138411568025685483e+01
7.789634627983303972e+01
7.453891068853000945e+01
8.012173318824400781e+01
7.243330212320964279e+01
7.155995582192235815e+01
7.606500491692193577e+01
7.790684322162744024e+01
8.344338682710423427e+01
8.183262451273192539e+01
8.351021420593318112e+01
8.404102375490415966e+01
8.071668317130271930e+01
7.661993856689403515e+01
8.123237597972465096e+01
8.318369989491625915e+01
8.096904059457487790e+01
7.917433401711768681e+01
8.024922408988558686e+01
8.236110882766301700e+01
7.553955889733157392e+01
8.426347615366617561e+01
7.586299728344937421e+01
8.149847127066644248e+01
7.964569387972524339e+01
8.092061900346837433e+01
8.195028185734932435e+01
7.945217842190554336e+01
7.603813662292667175e+01
7.380249506630801193e+01
7.936790890143092270e+01
7.943540665676313495e+01
7.774566026509779704e+01
7.661316480525286465e+01
8.140152521708277789e+01
7.485554860509270725e+01
7.325047028042781960e+01
7.814269144861584948e+01
7.937258801905268513e+01
8.017847493390931390e+01
7.860678751470655357e+01
8.094607584916025189e+01
