2.787475941134928359e+00
2.787475941134928359e+00
1.191345790924853709e+01
1.749903232466737180e+01
2.254013480006246795e+01
2.450483701232742106e+01
2.594597111929664734e+01
2.883648000932982924e+01
2.957010974365622147e+01
3.179512579553301421e+01
3.226720861089173553e+01
3.298523437577553352e+01
4.416161500333621603e+01
4.954169021760230152e+01
5.227498345539093805e+01
5.506125107222877091e+01
5.516335360121985332e+01
5.750162631188430851e+01
5.832263498745090402e+01
5.785150141425482673e+01
5.984686328403044087e+01
6.033729651376258829e+01
2.507250894188879542e+01
3.024796768390105228e+01
3.279750440674606438e+01
3.732318797757505280e+01
3.818246468650479386e+01
3.855972157193458116e+01
4.250307873300026529e+01
4.308812873405666011e+01
4.577974040880972950e+01
4.857899990525393719e+01
4.562462280058623776e+01
5.282795716639185457e+01
5.964904053177613008e+01
6.317728808935544293e+01
6.448262092448365479e+01
6.738200764455191916e+01
6.907244364278761850e+01
6.982287996826451604e+01
7.286085746998725199e+01
7.568271956838833603e+01
4.831660394912657353e+01
4.890499634110551597e+01
5.039568155764302304e+01
5.046599783559551611e+01
5.166816057974452292e+01
5.152959037557550914e+01
5.173081114344462605e+01
5.306733152045681123e+01
5.315247788490367498e+01
5.282395511146872025e+01
3.852628025610960094e+01
4.012531687307009065e+01
4.221675720027738521e+01
4.378757241461566707e+01
4.473818414998052617e+01
4.518136092009096672e+01
4.697457322929705725e+01
4.723150161606620401e+01
4.780972491307841921e+01
4.874711798477746783e+01
