1.856178745990413326e+00
1.856178745990413326e+00
8.159785372889766464e+00
1.652162688844095229e+01
2.051135091812977862e+01
2.305128316192774562e+01
2.558184861630663320e+01
2.718901788398973451e+01
3.047111786445385562e+01
3.043707620224290622e+01
3.222485456975002904e+01
3.311428784158194816e+01
4.511872125241402642e+01
4.973744038643850018e+01
5.344664919015576032e+01
5.737008862039529333e+01
5.720609756910327803e+01
5.972699202068642421e+01
6.004350262520296155e+01
6.191470835426130748e+01
6.135699597748315881e+01
6.304186994611927730e+01
3.364832848628205397e+01
3.665653998749960607e+01
3.874726306348269134e+01
3.844098723550076357e+01
4.002329189589542580e+01
3.948860365947346907e+01
3.977461816139574324e+01
4.022068778769008901e+01
4.052173920379735961e+01
4.129218733323278911e+01
5.206813738473859132e+01
5.522951643409283662e+01
5.902365561599627597e+01
6.281456489728287096e+01
6.386220270027941126e+01
6.642659604294968290e+01
6.846694945744627603e+01
7.028500049499092484e+01
7.242260666334099994e+01
7.300945195084734962e+01
5.332487888937716747e+01
5.387050798358870196e+01
5.456835851046464825e+01
5.460217174816871477e+01
5.462842595641669163e+01
5.455274267405725652e+01
5.478437352586377784e+01
5.450697855016309745e+01
5.469122832715818561e+01
5.490477597539542387e+01
4.011255761676611797e+01
4.125686289384780991e+01
4.255385363200852566e+01
4.309845238731092820e+01
4.244145781057299871e+01
4.433697494964799546e+01
4.471859978555558257e+01
4.457944828010003846e+01
4.452556109965118480e+01
4.602737717327163125e+01
