-4.412416471881395741e-01
1.322617365461213090e+01
2.314101429810146016e+01
3.051094768699401172e+01
3.242379972271467636e+01
3.470318632925011570e+01
3.634123419896245366e+01
3.718976776846814403e+01
3.854813699876980593e+01
4.094715673213723051e+01
4.100743762390997205e+01
4.302681370208144074e+01
4.312623996277950056e+01
4.400303176200627320e+01
4.445942673972410830e+01
4.631438604154627114e+01
4.659661459152088980e+01
4.756061108448103170e+01
4.761233616052250994e+01
4.920573454533035829e+01
4.950308150215677472e+01
5.012172496072307837e+01
5.141724767165109000e+01
5.368196623432015713e+01
5.426183649670124254e+01
5.569619607602938771e+01
5.572452894746261620e+01
5.621660574061363747e+01
5.637377562969523126e+01
5.697428261856689602e+01
5.642535059160269384e+01
5.749820681147552648e+01
5.687907203573254122e+01
5.707878307650823757e+01
5.724495036001010106e+01
5.764314111034484256e+01
5.737396207673113935e+01
5.213260864479305923e+01
5.098811043364495532e+01
5.206715028792218902e+01
5.231226750996020058e+01
5.162392942480526159e+01
5.069713573061603995e+01
5.166798316530264401e+01
5.256218853615139608e+01
5.041850460685467539e+01
5.152261688236510651e+01
5.155374775187426906e+01
5.002686905109762705e+01
5.091419460077961645e+01
5.077289953153361068e+01
5.122416383537033369e+01
5.177189162226560626e+01
5.011541749280644353e+01
5.117639568889225643e+01
5.088009655419363497e+01
5.271583508856949862e+01
5.210978093943185740e+01
5.182219373464106127e+01
5.126878337290952459e+01
5.261570055482609121e+01
4.984714362180081082e+01
5.217522403065670744e+01
5.311522549348760691e+01
5.270051701079840711e+01
5.027962664148558503e+01
5.208752773012253101e+01
5.124819722542694933e+01
5.144323526697620252e+01
5.058707318979462286e+01
5.060186585618954780e+01
5.111483804202877934e+01
5.172701570317642705e+01
5.239741595280122510e+01
5.004470345680057619e+01
4.981254836441737410e+01
5.353185159675631155e+01
5.114454132661497709e+01
4.999701418985630141e+01
5.158584225910566090e+01
5.112280540641494753e+01
5.094507176145879157e+01
