-3.141430547970693876e+00
-3.141430547970693876e+00
8.760054375941564331e+00
2.026827566843316930e+01
2.101420209878373413e+01
2.848530556023536064e+01
2.842229601489038870e+01
3.075136606600906219e+01
3.526261728751235580e+01
3.704813507539071082e+01
3.748123825180713453e+01
4.271906505856742342e+01
4.417778334084984948e+01
4.435229597192225981e+01
4.316387189301481442e+01
4.276096414076245367e+01
4.315081475446775983e+01
4.306632169522007558e+01
4.442776288488207825e+01
4.343272978512619886e+01
4.452226452896968567e+01
4.455022748334376104e+01
4.276590932665506273e+01
4.460698722177983200e+01
4.437206664280980561e+01
4.317467713912390792e+01
4.444793482729492951e+01
4.520518603512173428e+01
4.026351504605298715e+01
4.014620370980941289e+01
4.043889784307941682e+01
4.099507463102309401e+01
4.197238966247779501e+01
4.234524095284402989e+01
4.399977010598338723e+01
4.449116121246780153e+01
4.365695030614601535e+01
4.363479341409252754e+01
4.263802927260584141e+01
4.235159547862155449e+01
4.448602763374276492e+01
4.385188528932933139e+01
4.342796512068379400e+01
4.405344669831146120e+01
4.388748746193304839e+01
4.353480060946179719e+01
4.406328010513985305e+01
4.422301292792784722e+01
4.369208426779514554e+01
4.394698779997990812e+01
4.353336324151383963e+01
4.276179576669127869e+01
4.299021974158963388e+01
4.333148184619072651e+01
4.322889803242709661e+01
4.346669102649841676e+01
4.432055308351488776e+01
4.410660100675072215e+01
4.520621932819448574e+01
4.351017161565884805e+01
4.375203906931047726e+01
4.421448281892186571e+01
