-1.274303323465936888e+00
-1.274303323465936888e+00
1.098321612872551611e+01
2.656016891035321947e+01
3.637795561759740082e+01
4.035387696145414793e+01
3.846568711036567834e+01
4.187082547381469055e+01
4.618986697575080314e+01
4.651235546962070799e+01
4.869252114498794271e+01
5.101792104754545676e+01
5.229928903983682176e+01
5.068564641238433666e+01
5.088150830257473700e+01
5.143266420421049645e+01
5.271940329922622226e+01
4.947223074557011557e+01
4.930611800407284306e+01
4.842142505169805133e+01
5.117174043719804644e+01
5.027767796480059559e+01
5.167477148871758885e+01
5.046203863875422968e+01
5.089694218919439095e+01
5.049978554723413993e+01
5.054286759248844163e+01
5.093070429597880633e+01
5.069638242283584617e+01
4.953530942102952395e+01
5.207438503448234002e+01
5.004939345784771376e+01
5.211212888061322701e+01
4.902241078763979942e+01
4.943992007048994708e+01
5.078135412235149460e+01
4.904115619893286748e+01
4.880906911309625684e+01
4.952638154305079610e+01
5.018264271355714357e+01
4.836352518004881773e+01
4.975423901147060235e+01
4.978734697346784799e+01
4.883744159845304011e+01
4.836539631522126825e+01
5.001552963671237961e+01
4.992691521317404124e+01
4.964280579494310075e+01
4.839946912385015310e+01
5.156351891259267006e+01
4.974144572531887576e+01
4.991920270073286758e+01
