2.225292702022698244e+00
1.160455161746109809e+01
2.223985818088586797e+01
2.960185547694727504e+01
3.434494550000451341e+01
3.664305274797572309e+01
3.595337842128260064e+01
3.812186161119897321e+01
3.945084952970533720e+01
4.051703591384250558e+01
4.193193870386231481e+01
4.179356567763718289e+01
4.310806590298857799e+01
4.409882960658514151e+01
4.452016702640088397e+01
4.460128554741089602e+01
4.432824656864956125e+01
4.566581087134895967e+01
4.746064528649138481e+01
4.724979624501641240e+01
4.797821347609890097e+01
4.899282002069416819e+01
4.844321108826885336e+01
4.854706856356369826e+01
4.944479722137022293e+01
5.013147653816703553e+01
5.035574517014802609e+01
4.995310632142534502e+01
5.130870780336215375e+01
5.218826463342806932e+01
5.239217026022089385e+01
5.219844089193695424e+01
5.103960072485428157e+01
5.239011893544252274e+01
5.212907295472024316e+01
5.293966217661127160e+01
5.361210309701387189e+01
5.317140800516499155e+01
5.329004117111546890e+01
5.350627789681080770e+01
5.414426344227464227e+01
5.399322771562278689e+01
5.420164271691321289e+01
5.403568089420834752e+01
5.385484625898162392e+01
5.390641938230478303e+01
5.425043517201415710e+01
5.456110411583934905e+01
5.410835610903590975e+01
5.420722906654032158e+01
5.486930771833154097e+01
5.423477826806914948e+01
5.413988639041824769e+01
5.408780434113175772e+01
5.361057431475394708e+01
5.377112616993915850e+01
5.381068589437336414e+01
5.308187512513327277e+01
5.420152834313103085e+01
5.456620241554878703e+01
5.354408212924065680e+01
5.390766710092534453e+01
5.418502712792727749e+01
5.494122093388337902e+01
5.458971136019495418e+01
5.465315088227871598e+01
5.485970994734286421e+01
5.492902826018637086e+01
5.485574172447204688e+01
5.541358292137213226e+01
5.495657566536560523e+01
5.544509100216928488e+01
5.559709896745865620e+01
5.574830121334191801e+01
5.570448854414246398e+01
5.458415018420648579e+01
5.576873878515814198e+01
5.291046399752647034e+01
5.258990206710511472e+01
5.212034598987504808e+01
5.282640827087929836e+01
5.267181790824523802e+01
