4.873040663662147054e+00
1.891228179916034335e+01
2.481949958555692959e+01
2.979495489734738456e+01
3.262354454925237945e+01
3.477021141552621941e+01
3.810584519154041061e+01
4.044874264288559829e+01
4.219458667204776958e+01
4.406710729400337101e+01
4.652519717198771332e+01
4.623844446431367317e+01
4.836336550306783266e+01
4.776331620246133980e+01
4.850521905183907734e+01
4.874612931930132476e+01
5.056578244409394074e+01
4.998870603622618347e+01
5.037818461023196903e+01
4.977550737490558674e+01
4.939702506146220884e+01
4.998177601287341076e+01
4.941617844084610311e+01
5.104091400513558341e+01
5.075038493734482614e+01
5.030256550318189568e+01
5.058960262862392909e+01
5.073384959686016060e+01
5.135049316492114713e+01
5.112181533650821308e+01
5.161350625206461018e+01
5.151520743572554295e+01
5.059528482007350192e+01
5.039748168307876597e+01
5.107416803837384123e+01
5.040835531202654352e+01
5.088277879109318746e+01
5.133108967012444879e+01
5.151684518909728183e+01
5.104936883431655303e+01
5.174147036214892381e+01
5.174469967091475553e+01
5.195940180809431297e+01
5.198391866565636121e+01
5.197835123821815984e+01
5.194669223057060492e+01
5.204467139864411962e+01
5.245942004878973819e+01
5.223330071426524768e+01
5.162048569515091856e+01
5.138774991206557985e+01
5.116911336533139121e+01
5.227071993441012410e+01
5.222175530507879415e+01
5.164790506468081333e+01
5.280955665511353203e+01
5.307144243460464850e+01
5.270948348015983953e+01
5.281997390138624127e+01
5.302169598822121088e+01
5.245224700976789478e+01
5.327811834384831258e+01
4.770893392469918126e+01
4.721999595261247862e+01
4.710867299712039369e+01
4.846880564197455499e+01
4.623587897762975274e+01
4.890992487098752406e+01
4.818389454887511647e+01
4.695960381880661316e+01
4.723122578413158124e+01
4.653998425189187316e+01
4.607491811381648006e+01
4.563028017019356497e+01
4.835785576803592534e+01
4.801102552275322921e+01
4.568910750162486778e+01
4.485553797654436892e+01
4.580004598141808003e+01
4.598687698764757670e+01
4.685585548001150613e+01
4.569713667612721508e+01
