3.795536155149723978e+00
3.795536155149723978e+00
4.258503186853371858e+01
6.502710840079268451e+01
7.271313775117150158e+01
7.093975640101113811e+01
7.182413711742131568e+01
8.033326623564445867e+01
7.731647847496779491e+01
6.861170030448042212e+01
7.256157717485351100e+01
6.772142573857392733e+01
7.198454330610746865e+01
7.536903897893293447e+01
7.185319114188125411e+01
7.914873616804979406e+01
8.401262811456527402e+01
8.411944893358557351e+01
8.443497650133716093e+01
8.140040188945575039e+01
7.973059659343975625e+01
7.677319540536225873e+01
8.368208230582214924e+01
8.556708339820585252e+01
8.732194432127603534e+01
8.635070160816846396e+01
8.636016435996108953e+01
8.652930901832249333e+01
7.846626168655062372e+01
8.243340698960093960e+01
8.191407126928342564e+01
8.186207085115704274e+01
8.621861018451605219e+01
8.669440183791645893e+01
8.869027656407141080e+01
8.447802023359187729e+01
8.772563088823675059e+01
8.705262907319627175e+01
8.641320171535687678e+01
8.755064061857905244e+01
8.747258630716824257e+01
8.869818025068180134e+01
8.884778111595419148e+01
8.762627122929959000e+01
8.374099083716343728e+01
8.638430391897320249e+01
8.687489077530105419e+01
8.839162477975025922e+01
8.869158383720969141e+01
8.858721586763428490e+01
8.681267903313096213e+01
8.597590080999415818e+01
