-6.717426323705948388e-01
-6.717426323705948388e-01
1.575232884663693689e+01
2.218190843006262725e+01
3.140622621223352695e+01
4.073480814088672020e+01
4.794958126437239798e+01
4.457469397342914164e+01
4.593225969363082584e+01
4.620038830533503926e+01
4.507477551186629228e+01
4.376780730032719191e+01
4.464629609881593097e+01
4.332512662567084760e+01
4.445782350341588085e+01
4.399038312789086547e+01
4.607817950688841080e+01
4.406458348736020980e+01
4.443181501052326610e+01
4.586106417104492294e+01
4.614821581096514791e+01
4.469946609550733285e+01
4.510661602998878550e+01
4.645772927218271775e+01
4.494225521463054918e+01
4.491933010026723139e+01
4.694866497015957663e+01
4.513566917020690283e+01
4.536582208042999298e+01
4.627641475984927411e+01
4.785512767233107212e+01
4.837239720099779561e+01
5.170460421734289724e+01
5.239357965505367076e+01
5.439912155426450369e+01
5.558157116274573895e+01
6.104761569008601185e+01
6.639346900528262552e+01
6.446943705919723300e+01
6.331088692834732967e+01
6.371973286411805759e+01
6.439109062220748569e+01
6.653265348547782310e+01
6.813442781630924117e+01
6.679200007489048119e+01
6.726785887755625026e+01
6.908472513582648844e+01
6.778393366529628850e+01
6.525541987379057218e+01
6.987792773679491631e+01
7.004865021091885069e+01
6.932582106739438643e+01
