3.123967089859837731e+00
3.123967089859837731e+00
1.133795356849673652e+01
1.903047610101768328e+01
2.380261892766697684e+01
2.730786760701591831e+01
2.925179637362607465e+01
2.986715728814661830e+01
3.160313730837656365e+01
3.403147946459401396e+01
3.468032441625258144e+01
3.509707933686623704e+01
4.549339140087401745e+01
4.781942018739528777e+01
5.227112363707852438e+01
5.565422612996487572e+01
5.656157771239956844e+01
5.827210130745928041e+01
5.876826027623906157e+01
5.849043442064194664e+01
5.962679976501263468e+01
6.135250562268649333e+01
3.080864518086616854e+01
3.625259440605679373e+01
3.838020315101504565e+01
3.901191348488603694e+01
4.069110046584662399e+01
4.134522197870778371e+01
4.228820117097445319e+01
4.267514425091562202e+01
4.316464736175197459e+01
4.473204705371933443e+01
5.495053977492139552e+01
6.041615596422865764e+01
6.278384758962417322e+01
6.619904578274653772e+01
6.813115988165951364e+01
6.998694017777764032e+01
7.069923474296912502e+01
7.245958883005832263e+01
7.266618243449163117e+01
7.314416156494991128e+01
4.807474993934108909e+01
4.895188797563820771e+01
4.964905811922943712e+01
5.021099435752367413e+01
5.062491020848456458e+01
5.126940006588210963e+01
5.231434970914033045e+01
5.276641609164653346e+01
5.204983452593400983e+01
5.168632026978573180e+01
3.649867074554411772e+01
3.677443734847549450e+01
3.940402630052137312e+01
3.875555806867086517e+01
4.104365485120602131e+01
4.118712519373808334e+01
4.261989583431064688e+01
4.262431585647424015e+01
4.306291983451317407e+01
4.385430597128448227e+01
