5.519298271824590429e+00
1.892666428938941081e+01
2.827188762146225187e+01
3.407042340981409723e+01
3.648528380919093195e+01
3.819028489044843866e+01
4.100955345970423593e+01
4.025009809856349108e+01
4.123924582741202727e+01
4.155830608300974660e+01
4.280316992640179308e+01
4.244346388590108887e+01
4.271142633638309860e+01
4.191662711773194872e+01
4.386861009690773017e+01
4.537780725178371455e+01
4.557170393481757031e+01
4.584621688930926098e+01
4.800025412371993383e+01
4.925410903765818915e+01
4.905477948933860688e+01
4.928887379354399911e+01
4.993832053575554397e+01
5.078128919014764620e+01
5.127112535575224683e+01
5.143474790368552618e+01
5.265118135407254840e+01
5.115719524890383951e+01
5.228882788447259600e+01
5.294865389595906890e+01
5.340457142789993128e+01
5.301686520183837814e+01
5.240650399792279757e+01
5.342388055871161612e+01
5.250289762819532058e+01
5.320172854571162446e+01
5.289988027244345403e+01
5.278263265968524820e+01
5.204767595565169813e+01
5.281229039664221858e+01
5.190813367601903394e+01
5.344759732678051023e+01
5.244561743653285646e+01
5.257412681253683928e+01
5.331181607382330867e+01
5.287187917419073813e+01
5.194072356958515968e+01
5.312636883655189024e+01
5.291718843192725075e+01
5.272505147114306823e+01
5.269347894378063302e+01
5.267315960785688134e+01
5.395125574718541372e+01
5.239929721654804951e+01
5.372459416735468096e+01
5.293660610313213510e+01
5.349229609060392931e+01
5.302149076759130963e+01
5.336781326905562395e+01
5.237700464258864486e+01
5.372021750409372487e+01
5.465141566637306880e+01
5.360728188528671723e+01
5.408864082148338781e+01
5.431134090663738334e+01
5.483014539269044008e+01
5.414733496857047612e+01
5.509400257135759915e+01
5.546040556411438871e+01
5.613434135674033598e+01
5.554647514066643765e+01
5.577796670328139328e+01
5.554416634771996542e+01
5.577539355832825407e+01
5.547426416015468931e+01
5.617339437264840996e+01
5.572728089595800327e+01
4.863046299323492860e+01
4.731128654865296568e+01
4.811739899458403613e+01
4.615697201099997926e+01
4.649978891547134907e+01
