-2.778244380918636347e-01
-2.778244380918636347e-01
2.607758082814448386e+01
4.542039293935933131e+01
5.222469182588645253e+01
5.708264921311108253e+01
6.307566899355649781e+01
6.622632339005149049e+01
6.844595950827951469e+01
6.872000167831397732e+01
6.756121092779281412e+01
6.753359237652436775e+01
6.839640445755094333e+01
6.682847415983484041e+01
7.069318741373614046e+01
6.909840397882427965e+01
6.910001536224137908e+01
6.420139724534892878e+01
6.786693238738425293e+01
6.870085381672758729e+01
6.885191289370911250e+01
6.782997450486377033e+01
6.964515794253756553e+01
6.555876901952019864e+01
6.831049440908525128e+01
7.016707666098341178e+01
6.792470770885670106e+01
6.935702955743593634e+01
6.712704678270168301e+01
6.891734272750417745e+01
6.708869712546074027e+01
7.047350377621350503e+01
6.799776572411801112e+01
6.753880278565917195e+01
6.864061368403081076e+01
7.284535771146467198e+01
7.136219858012076145e+01
7.003223097056988422e+01
6.844670159705060541e+01
6.820944156033344541e+01
6.827547480913300149e+01
7.073130777252171697e+01
7.292667272055226135e+01
6.761444005640426269e+01
6.646592774319309171e+01
6.686959578191765274e+01
6.848624992938444223e+01
6.780695651849688943e+01
6.757901980801969444e+01
6.625860900537473697e+01
6.845673064488934756e+01
6.593679243036680759e+01
