1.661042273484541143e+00
1.510561127677906867e+01
2.300793851276388580e+01
2.964872368971115790e+01
2.928278392074098591e+01
3.474983916742455392e+01
3.552300968255518399e+01
3.800828149487773544e+01
4.090703778814701508e+01
4.021334651398606752e+01
4.146389135418365868e+01
4.273259049293228173e+01
4.551150939402778306e+01
4.574092684334763703e+01
4.726539023498228431e+01
4.636036788040419054e+01
4.520596315511746610e+01
4.704556381648685459e+01
4.562599137105718938e+01
4.552160620699653748e+01
4.664431315996177574e+01
4.749120339736537488e+01
4.708179217112402171e+01
4.805627263720539588e+01
4.794263882753948280e+01
4.833903580605475270e+01
4.908394684465750402e+01
4.948569769380053884e+01
4.821994163326776572e+01
4.659460098635423009e+01
4.846795445392749002e+01
4.840517419071196770e+01
4.819821126816729873e+01
4.639692671854008665e+01
4.786585769050125805e+01
4.708949942382768938e+01
4.707051929478488717e+01
4.734058116715392828e+01
4.834823044277841575e+01
4.686575351536824030e+01
4.655917600129613731e+01
4.612338304413617607e+01
4.637889727101848081e+01
4.689291912134272167e+01
4.620549726181997130e+01
4.676309291710521165e+01
4.776086904338517058e+01
4.632796224753025882e+01
4.658149230739071811e+01
4.639849244075566048e+01
4.643199011343209293e+01
4.712828652725328027e+01
4.662054827109746924e+01
4.638758189637019314e+01
4.631216367130413403e+01
4.664059834848567476e+01
4.679560610722701597e+01
4.139272284907924870e+01
4.039182620075243335e+01
4.205069039410626885e+01
4.164873724019615508e+01
4.076510158828143915e+01
4.107436268586557304e+01
4.069160247875446146e+01
4.149887341325830903e+01
4.147187695707305721e+01
3.985325422226289760e+01
3.989094702128315362e+01
4.271588755954540773e+01
4.032549030636592846e+01
4.256445555232617295e+01
4.110642538187249784e+01
4.048853446553856372e+01
4.121765684204864044e+01
4.413545036272734023e+01
4.213103456218352960e+01
4.083521351181978787e+01
4.227714811800318273e+01
4.181696215377908743e+01
4.275089615411475563e+01
4.107255169600863098e+01
4.263433997070095671e+01
