3.364845464944060005e+00
1.328873670567984888e+01
2.156569340274328894e+01
2.682494301554602245e+01
3.191160116378775413e+01
3.581293332114942274e+01
3.650964747085968298e+01
3.943890061629336685e+01
3.828838637617151619e+01
3.968778514673185498e+01
4.185026540416579621e+01
4.260175190457856331e+01
4.529706563286220700e+01
4.540443589386285339e+01
4.577773828639065101e+01
4.565569545866732426e+01
4.560541151273815785e+01
4.583737879252844039e+01
4.752172032726498685e+01
4.702174037376325089e+01
4.700539341072568078e+01
4.797910123279726236e+01
4.915235377110703041e+01
4.797361910623554593e+01
4.899391615180471149e+01
4.961749621505136076e+01
4.979444559073611032e+01
5.062799874190761784e+01
5.127717625776326571e+01
5.190781446046794656e+01
5.168534030693751902e+01
5.164329817210484919e+01
5.122407349197636961e+01
5.050733294691714548e+01
4.941098323008983328e+01
5.068098009589630237e+01
4.979177740757762649e+01
5.050142604185676731e+01
5.074143385957825814e+01
5.092652774925601733e+01
5.081521907680100014e+01
4.909030031753885481e+01
5.071000854572005068e+01
4.952684257568635928e+01
5.099330736189919122e+01
5.113051127394221851e+01
5.104220636913554188e+01
5.113674273619502486e+01
5.096490851676373524e+01
5.203114065895063334e+01
5.160746823288273077e+01
5.152581570641787323e+01
4.287102615857538268e+01
4.281150174175235890e+01
4.310398784751804868e+01
4.181263994266947748e+01
4.229871934137452882e+01
4.345297682228274283e+01
4.353961473926754167e+01
4.200521400867889099e+01
4.246182139355289564e+01
4.202784249570777320e+01
4.215269527272956651e+01
4.169292283987233816e+01
4.149410792691628558e+01
4.145598167016580504e+01
4.038808217693933500e+01
4.111066926871471594e+01
4.114066845513837478e+01
4.250705980466060652e+01
4.153682093858657254e+01
4.229721103090351164e+01
4.247235083915163045e+01
4.212921862984057952e+01
4.249845071188539691e+01
4.264189160049243554e+01
4.243483770347652495e+01
4.257519311433252085e+01
4.242470419424439143e+01
4.241420735870083547e+01
4.235336603203176509e+01
4.146383584405425893e+01
