-3.770569136259660947e+00
-3.770569136259660947e+00
6.580066705278406758e+00
2.411552113379807949e+01
4.086667450716650052e+01
4.980910081498998920e+01
5.112826368106238561e+01
5.380831940375016842e+01
6.366745238028281761e+01
6.701352981528428643e+01
6.945430653390299369e+01
6.808219837383146000e+01
6.814367470048708242e+01
6.745997512054975687e+01
6.766475849574008805e+01
7.174228771676780525e+01
6.789861878204774825e+01
7.037101576646121259e+01
6.833337887458465332e+01
7.172189853535550697e+01
7.221891934948753544e+01
6.815097813006104843e+01
6.920931861608407587e+01
7.570652938310671232e+01
7.187628482990763246e+01
7.098459789306372159e+01
7.549059728154135485e+01
7.256537157977261643e+01
7.278175558893738639e+01
7.435417774032039517e+01
7.345740156458171555e+01
7.571864522740554548e+01
7.480211296174235258e+01
7.120757206139134610e+01
7.435607635604465315e+01
7.324085424407890343e+01
7.618120302573024105e+01
7.261551543462819325e+01
7.351972083973824112e+01
7.329946681674121578e+01
7.194288092302649318e+01
7.575006385372242335e+01
7.439853218806392476e+01
7.215778299649066696e+01
7.215446564833817433e+01
7.464760465766104858e+01
7.396097883077841573e+01
7.284499997811653316e+01
7.215462969591544606e+01
7.350030234267282481e+01
7.395847131224260806e+01
7.305441532491796863e+01
7.395989099787138343e+01
6.991603601231233256e+01
7.191900990565980578e+01
6.970713237227559489e+01
7.036371838335907114e+01
7.080522084176189423e+01
7.169650319756746626e+01
7.217712723087427662e+01
7.216360145846795149e+01
7.151244106677555123e+01
7.125676606198337026e+01
6.968860022610121518e+01
6.969366188363559900e+01
7.171796172961599325e+01
7.035232066254708627e+01
7.034921703019067252e+01
7.104550504452745940e+01
6.967856413881776234e+01
6.968941121627105417e+01
7.059160740618750651e+01
7.034548888084512441e+01
7.013817562784947768e+01
7.195821776086151544e+01
7.216155935375819297e+01
7.036681001878673669e+01
6.989037365314834460e+01
7.170065465259665416e+01
7.171482200060502521e+01
7.036902097220563235e+01
7.037375992689985083e+01
7.306822058896985084e+01
7.172700473134042909e+01
7.285092733789758768e+01
7.125159093952747469e+01
7.172225211388828825e+01
7.033911001271937380e+01
7.057299226152147753e+01
6.969614657111958422e+01
7.148567379761138341e+01
7.080445098270871540e+01
7.195008772698216148e+01
6.968781133982697895e+01
7.102915037569648860e+01
7.192768523989245466e+01
7.103700562878051983e+01
7.193752537827329263e+01
6.966966441222270134e+01
7.081591995980932097e+01
6.989013786135767248e+01
7.080262687650289877e+01
