6.674805912624672821e-01
6.674805912624672821e-01
6.145534957868157733e+00
1.163149768845861232e+01
1.872445742904731247e+01
2.180563801282424308e+01
2.552477090136944682e+01
2.805477376251684163e+01
2.775221856292901634e+01
3.024031239851395014e+01
3.279228518290735650e+01
3.414658682417816493e+01
4.696299427535732463e+01
4.936923018126290685e+01
4.933207987562543906e+01
5.163350537238353155e+01
5.368925111609428313e+01
5.279470738882221070e+01
5.508585796412615565e+01
5.403040121785394234e+01
5.456683648181674329e+01
5.571862185009747037e+01
2.596411920569987686e+01
3.198704335951637390e+01
3.585110461309607643e+01
3.823686290279800915e+01
4.021890885794400816e+01
4.079628522018317938e+01
4.139217473853899065e+01
4.117281764613510120e+01
4.130425797485949602e+01
4.202270033351194911e+01
5.780569559831720738e+01
6.331892657939282998e+01
6.424158134488537542e+01
6.763665293763878594e+01
6.800591350145720071e+01
6.814584268183028826e+01
6.836403861830403628e+01
6.866554695819206700e+01
6.950867213164475800e+01
7.075767937268901164e+01
3.864184373067164557e+01
4.073657190094772318e+01
4.141758196631990074e+01
4.241996652952736468e+01
4.292936118630638020e+01
4.343786884818031524e+01
4.357255246332374554e+01
4.318497826215315172e+01
4.301478455721078831e+01
4.342700095796166693e+01
6.572701965352733566e+01
6.871775881533834252e+01
6.920471875272247075e+01
7.197712551350956289e+01
7.346750981672627745e+01
7.211532699152658665e+01
7.147419876910478820e+01
7.303967219829443991e+01
7.238912549399745444e+01
7.389815913360392585e+01
4.157768455049183132e+01
4.253273942293311194e+01
4.270182273142499696e+01
4.288923672162673029e+01
4.286543516410265653e+01
4.350985888926038569e+01
4.335295706828529205e+01
4.382828965027042756e+01
4.383687388965556408e+01
4.320993814965222413e+01
5.244191707377637357e+01
5.401354293049735844e+01
5.468571144029110798e+01
5.476752845004779147e+01
5.498085404427140332e+01
5.520552517975313123e+01
5.542606458985216022e+01
5.551106849154217571e+01
5.559273747771603524e+01
5.575232576005240759e+01
