5.985137853133398522e+00
1.529175390756931918e+01
2.301715969722006960e+01
2.994919351966216325e+01
3.754000134681804468e+01
3.732480390676164461e+01
3.972709922561959672e+01
3.981523604941796890e+01
4.108391574334323337e+01
4.265071958718220202e+01
4.283625508868242093e+01
4.393342335629865403e+01
4.492746790138632917e+01
4.536164241065504399e+01
4.632820868112086998e+01
4.732750468322345938e+01
5.020776657109999519e+01
5.086230590288365505e+01
5.037980362453373573e+01
5.186196644149406154e+01
5.149269370113700006e+01
5.112873055230335950e+01
5.143662715173718425e+01
5.215356095199039999e+01
5.071160780692296299e+01
5.387491317546245995e+01
5.380002900109263919e+01
5.393153541955759778e+01
5.306327937144926921e+01
5.372090292552344692e+01
5.148874829876226755e+01
5.429475551950520185e+01
5.392563151321776616e+01
5.422131877658708987e+01
5.273102001290494911e+01
5.436184413443406527e+01
5.218001410412405505e+01
5.440269201619626216e+01
5.355069612153096159e+01
5.300086208932939513e+01
5.337916052933896083e+01
5.315108400038720049e+01
4.865316074118473466e+01
4.919748078389601176e+01
4.664237814255837122e+01
4.595257723655629434e+01
4.844855838273164039e+01
4.721298220305285298e+01
4.962531463633952455e+01
5.037673447804348825e+01
4.833539501360536406e+01
4.886453298989668781e+01
4.874327793970361711e+01
4.712835360528627859e+01
4.879298301732410437e+01
4.728903417574264267e+01
4.955980280036813213e+01
4.728200703976068553e+01
4.772709410515869166e+01
5.012251153717011931e+01
4.834003970197541378e+01
4.648173227947714992e+01
4.841968568725270927e+01
4.840212997444358223e+01
4.771461253820300641e+01
4.821752797636025889e+01
4.465205993031844400e+01
4.485788015395378636e+01
4.837791618384827785e+01
4.978266875194862706e+01
4.746789466075919961e+01
4.928818526417531132e+01
4.672350898425077048e+01
4.729013041123412364e+01
4.870171618820779713e+01
4.751713038003861556e+01
4.785121507196642909e+01
4.964669241277964318e+01
4.633644512132097759e+01
4.707148638442343724e+01
4.590973520674511121e+01
4.695252902945634332e+01
