-3.980411099853081502e+00
-3.980411099853081502e+00
1.703982144618894079e+00
2.096824455956481259e+01
3.484029866876639403e+01
3.803711233936970615e+01
3.692581589279208032e+01
3.717930607756949257e+01
4.219623191129613815e+01
5.592856133186872825e+01
6.353855900123791400e+01
6.245536672321009064e+01
6.446207259884644714e+01
6.336282824268371172e+01
6.495409695686683449e+01
7.224349461484676738e+01
7.734487531538954386e+01
7.510213557394015993e+01
7.306489665976226888e+01
7.979101539519726316e+01
7.574795959032277892e+01
7.358400770269420832e+01
7.352942899905653462e+01
7.533221322508660478e+01
7.687299179762297285e+01
7.718466452259579569e+01
7.287389373309190432e+01
7.625313822422657495e+01
7.621836325595324979e+01
7.507910141746475574e+01
7.485348460183976727e+01
7.377684897678982168e+01
7.643115869813884444e+01
7.442514972998870348e+01
7.665889339988569873e+01
7.508908358678013428e+01
7.375385084967480509e+01
7.421978660998762223e+01
7.582957506976804041e+01
7.464358736532589944e+01
7.643204124234057417e+01
7.444257721849881193e+01
7.532222953422486000e+01
7.260114973265631022e+01
7.080522070365312004e+01
7.037134590921775157e+01
7.127094894719539298e+01
6.968236758138607456e+01
7.148750755896135445e+01
6.991280016793275820e+01
7.374857395619447686e+01
7.462808821065569020e+01
