-5.553710942122776828e+00
-5.553710942122776828e+00
-2.107548193326205244e+00
-2.989169840527901023e+00
-2.727695473431169804e-01
3.298517755974465615e+00
4.237264348304401018e+00
5.168111837545579235e+00
1.001479970991769619e+01
1.758386778238050496e+01
1.964713534139661277e+01
2.327513889575596551e+01
4.177107729592965057e+01
4.362818733662275861e+01
4.389751250851504949e+01
4.384331224388215276e+01
4.385568215424151362e+01
4.520153906805563793e+01
4.255762265363065211e+01
4.276627454320289701e+01
4.812549190164812529e+01
4.888638346103745391e+01
4.525284410144134029e+01
5.139228115548788622e+01
5.886769284110189204e+01
4.981194948791149102e+01
5.559841062689341840e+01
5.928440925237516979e+01
6.057755985142252797e+01
5.883880085052491893e+01
5.950473751438363479e+01
6.454773769097027980e+01
6.517955268712475458e+01
6.245578959965857990e+01
6.640186753376515583e+01
6.410320510765225777e+01
6.702781542172783702e+01
6.404251236718008045e+01
6.448236596463603121e+01
6.180135230990326534e+01
6.391935199815031865e+01
7.265775306220692187e+01
7.005024761987446880e+01
7.192595728274439182e+01
7.103322156451977776e+01
6.787242899545272223e+01
6.737567212891983104e+01
7.185214241855339878e+01
7.061972584942577669e+01
7.053282415009746842e+01
6.988776313283808861e+01
7.014122360165390546e+01
7.164078653211819869e+01
7.062546340594795424e+01
7.096545196715504744e+01
6.887973805487459344e+01
7.220769560673473109e+01
7.144421539329428583e+01
7.216408596115857677e+01
6.687297730131101048e+01
6.910481453490771742e+01
6.679394000678765053e+01
6.914015500101703537e+01
6.553393282333665582e+01
6.544673809820203303e+01
6.702570782659600468e+01
6.685084163685328917e+01
6.477777710858083537e+01
6.651200895081299791e+01
6.577990096895960903e+01
7.030766789139902073e+01
6.583414664385952619e+01
6.910734504298048364e+01
6.704933218982264975e+01
7.012979524230814832e+01
6.811424295696602371e+01
6.651816499353546419e+01
7.299003969102389533e+01
7.505838725369378039e+01
6.994803761880230297e+01
7.071419398703433501e+01
7.454946429197214286e+01
7.005624280534179604e+01
7.344923714148269767e+01
7.591077410921988644e+01
7.393797850272365224e+01
7.355871615659425800e+01
7.338487308469409243e+01
7.770969682700254566e+01
7.429011824993268931e+01
7.379916422356187411e+01
7.656235495355686282e+01
7.564573747325628972e+01
7.568487425287905523e+01
7.491661188653816339e+01
7.225535257514539467e+01
7.859669286357265605e+01
7.829749564163262221e+01
7.895523132006131561e+01
7.308998846839513419e+01
7.529573207960183368e+01
8.028360874159074001e+01
