-3.987190624852126941e+00
-3.987190624852126941e+00
5.504627131277596064e+00
1.771838899666791889e+01
2.492423293431248865e+01
4.434084904069711541e+01
4.543429348914824573e+01
4.519708005375088788e+01
4.538906020229276095e+01
4.434368055701030187e+01
4.616155550386483952e+01
4.524987853759036227e+01
4.463477654384700344e+01
4.578394603392409579e+01
4.597632111355093087e+01
4.496398972578634812e+01
4.574507502727182384e+01
4.454552089853885377e+01
4.617347982228419312e+01
4.548391306356016628e+01
4.496893615601116068e+01
4.616518536573877185e+01
4.490573093140289984e+01
4.222648123110334240e+01
4.275740199348801696e+01
4.264544066721435911e+01
4.216457266671913828e+01
4.218828935271766767e+01
4.240366153470192501e+01
4.206580797473920796e+01
4.238205927159735609e+01
4.293503964724644106e+01
4.222717217256611377e+01
4.294453901538988561e+01
4.263905880685094729e+01
4.252709443223536567e+01
4.205974839089766704e+01
4.259152237558670606e+01
4.311103984099545983e+01
4.342013928465630812e+01
4.218530561244631372e+01
4.245928293992785996e+01
4.242205030404930710e+01
4.242993295833392864e+01
4.351903419130022144e+01
4.217423725637627285e+01
4.275186832436814655e+01
4.288279084724685219e+01
4.270260642101565907e+01
4.235259633826490955e+01
4.269909928125561294e+01
4.223790010713441490e+01
4.294779805590714972e+01
4.294300173472308302e+01
4.206533283636435527e+01
4.349223074483622753e+01
4.301303299905407584e+01
4.252347031660131194e+01
4.258379251131763965e+01
4.290475252991849686e+01
4.270025270406522111e+01
4.252555922879214734e+01
