-4.506562245530607136e+00
-4.506562245530607136e+00
1.920963660361368897e+00
1.579252093084563668e+01
2.661585537023811554e+01
2.881709056378784339e+01
2.793922011650960258e+01
2.815218251537560690e+01
2.929795517441963426e+01
3.063212268798583793e+01
3.063393512988453793e+01
3.106007068212313627e+01
3.423011497569913786e+01
3.625046695294505383e+01
5.021282787592914332e+01
5.290301928637586570e+01
5.176480903610554662e+01
5.243403999525654768e+01
5.109914267663160814e+01
5.133739276468563872e+01
5.110655038247506354e+01
5.021219378287104718e+01
5.537448937872413524e+01
5.180518512847002199e+01
5.608149879848669173e+01
5.485570544662677861e+01
6.369578407660905839e+01
7.169179928363375609e+01
7.057230365427247420e+01
7.306493061729216265e+01
7.328945214143327291e+01
7.373463113142520342e+01
6.968415819148027879e+01
7.104373250925985417e+01
7.327949963804957179e+01
7.192585754687516442e+01
7.416560804876603186e+01
7.148859408224399203e+01
7.216416024017905784e+01
6.810199438901145186e+01
7.012739558545638374e+01
7.126232827310893470e+01
7.171242111230961314e+01
6.967324904169159083e+01
6.765927763664269889e+01
6.922931442047452322e+01
6.742227070579231452e+01
6.765511647030788822e+01
6.902281046854515978e+01
6.807659273860106453e+01
6.831288274855353393e+01
6.739679764055645705e+01
6.990208687044327007e+01
6.833619568700433433e+01
6.855651165571404704e+01
6.853302384386510937e+01
7.013746320503366860e+01
6.921741024270760079e+01
6.896971557427703203e+01
6.922722271032765207e+01
6.765150755732287280e+01
6.745145763256537919e+01
