-3.840917933226758230e+00
-3.840917933226758230e+00
6.337633477524247994e+00
1.977533836120485589e+01
2.417236275511542232e+01
3.145324722916302562e+01
3.609174448780117928e+01
4.144260976185709922e+01
4.678656155807284733e+01
4.615120332163350270e+01
4.571167051988025776e+01
4.619829150862057077e+01
4.564299092736643360e+01
4.471118566441926845e+01
4.601370412056259340e+01
4.609290409306264991e+01
4.723483632967442958e+01
4.605552133173362961e+01
4.702848641041434519e+01
4.632756615140666412e+01
4.629041469323008329e+01
4.534072617170342312e+01
4.612511697698840862e+01
4.413736479786630440e+01
4.475434039966913957e+01
4.481170010565618611e+01
4.625358732933050021e+01
4.444063318122204720e+01
4.594955970667631107e+01
4.604127946674267235e+01
4.527746868152208037e+01
4.481020116921380492e+01
4.613296901577960796e+01
4.543368888539168893e+01
4.557922214410787376e+01
4.513119270749631085e+01
4.635324019191752143e+01
4.462533502930112661e+01
4.256565528613125338e+01
4.278993078170722697e+01
4.297931278244245590e+01
4.259903998847200057e+01
4.296089912742432659e+01
4.233368786949972673e+01
4.267698291132571597e+01
4.238377346050451422e+01
4.289493513930391089e+01
4.313872652301218125e+01
4.279043618995122245e+01
4.357401667775774001e+01
4.255974001795947714e+01
4.256018573713014064e+01
4.297097848648368767e+01
4.256442959753162825e+01
4.278061399935461395e+01
4.302166445239996051e+01
4.207572191683566132e+01
4.250619134167263979e+01
4.268011042994434945e+01
4.266695097396082303e+01
4.208378501089758572e+01
4.243095525395857237e+01
