2.267486805053287924e+00
2.267486805053287924e+00
1.771104160488364343e+01
4.028195464199801279e+01
4.647313176907539400e+01
4.961797592733824303e+01
5.790495397916121334e+01
6.410340879845398376e+01
7.316594679436309434e+01
7.908355871941520832e+01
7.508163571235247957e+01
7.809261580418100834e+01
7.045257754891603952e+01
7.455807612202067958e+01
7.697032639157730216e+01
7.764886925610883850e+01
7.629188672882793298e+01
7.581587483760597479e+01
7.401542730480650789e+01
7.402496071977751058e+01
7.708447740235968126e+01
7.176246198079050487e+01
7.243309010500782108e+01
7.891959676810149915e+01
7.794521032674501271e+01
7.623358794892369872e+01
7.464244801637728699e+01
7.361583988701599424e+01
7.450595634874835582e+01
7.561520101315842624e+01
7.502693017608432058e+01
7.561671454369516709e+01
7.445143961747211847e+01
7.065995398821704043e+01
6.729732784991776384e+01
6.931272172007768972e+01
6.769596092833350554e+01
6.642110345514146275e+01
6.729916863045426112e+01
7.120663911825931791e+01
6.682817596878841471e+01
6.801664589733647404e+01
6.615081805409225524e+01
6.684630242410517553e+01
6.796567366626922535e+01
6.949774053710282828e+01
6.564934712456124544e+01
6.771973735756409951e+01
6.796495234155277387e+01
6.881671207592084727e+01
6.859449356524281427e+01
7.026083591892886204e+01
