-3.769235180485368542e+00
-3.769235180485368542e+00
2.100559250787058296e+00
2.163221072172406068e+01
3.032524612223019034e+01
3.394385424574295484e+01
3.662560332727570511e+01
3.753624406386570200e+01
3.912585984949898688e+01
3.754382365794710097e+01
3.798860046806280621e+01
3.778721522454246440e+01
4.097118814500970529e+01
5.116001765198220852e+01
5.004358029239752170e+01
5.546938108392180311e+01
5.681435856764522896e+01
6.773033190627172928e+01
7.059323834360702676e+01
7.170441435859672197e+01
7.127210783873243827e+01
7.082029632853864598e+01
7.216779186180664851e+01
7.531949517466227917e+01
7.104864171663602690e+01
7.351658808542367751e+01
7.352251578074415761e+01
7.420123139648497101e+01
7.577510775369236740e+01
7.351938410888189424e+01
7.307100770374456999e+01
7.329698889600931011e+01
7.465066957508868484e+01
7.509172665870414676e+01
7.531809604072437025e+01
7.149807989523972651e+01
7.373642759286573778e+01
7.104204780514672279e+01
7.374210759753266586e+01
7.307913519895370769e+01
7.667039437279535719e+01
7.418764014497533310e+01
7.397384859468914442e+01
7.014019674828406892e+01
7.216815386647378716e+01
6.991780753664787085e+01
7.172251102314922377e+01
7.082109397033231346e+01
6.991756099212719278e+01
7.125426822018837925e+01
6.970893379342587082e+01
6.970041437911409332e+01
