-1.046327098467913830e+00
-1.046327098467913830e+00
1.682785211855192031e+01
2.650188777787616345e+01
3.292202279180508384e+01
4.131709623416856658e+01
5.147199406058884108e+01
5.455694665075009198e+01
5.884115105027467507e+01
6.738824716920706237e+01
6.909404780317700556e+01
7.266297056633877105e+01
6.830752175652439462e+01
6.993070151738933760e+01
7.526173403646704685e+01
7.344831364654388040e+01
7.370230504700199958e+01
7.455006357163891550e+01
7.823599269557297475e+01
7.461884246672096310e+01
7.487852011941781427e+01
7.576505417914503937e+01
7.874326612511443102e+01
7.849809270080483259e+01
7.729851119783607771e+01
7.461760586924030747e+01
7.335595062244325959e+01
7.343767243928722621e+01
7.211859561179934985e+01
7.707268710887601060e+01
7.479018810465902334e+01
7.392644036969325327e+01
7.792797248690473566e+01
7.275511124705728605e+01
7.700336233481807824e+01
7.881853680719629551e+01
7.385491493336454027e+01
7.870217877269311657e+01
7.543956363939628318e+01
7.372017379455851938e+01
7.529372005739791973e+01
8.015234181683392478e+01
7.949650289204916476e+01
7.431399073036290304e+01
7.193928136785424954e+01
7.622946340659476050e+01
7.595564951038305423e+01
7.787713264520303369e+01
7.320144376344191528e+01
7.826185975582855292e+01
7.476322168645121735e+01
7.433369553664824991e+01
