8.020588749419488642e-03
8.020588749419488642e-03
2.096889517846348738e+01
4.695648846760303030e+01
5.080992979760897299e+01
6.224599221328560361e+01
6.993618737021036225e+01
7.101828968023980337e+01
7.680932029520265303e+01
7.288919481351464924e+01
7.476707191543287934e+01
7.424016722557811931e+01
7.147188440800019293e+01
7.274912383780846881e+01
7.467110828548803170e+01
7.674603899259497553e+01
7.430211114721267052e+01
7.475679539151312269e+01
7.140606735467103761e+01
6.988594758207626967e+01
7.256564902377391491e+01
7.001542857013896537e+01
7.043430643079796027e+01
6.583092302418288000e+01
7.076611574622992862e+01
7.640648561645379289e+01
7.464314135786389670e+01
7.650558474213133309e+01
7.367913589715411149e+01
7.701207705237986545e+01
7.453174524271908297e+01
7.186194418336063450e+01
7.747932348188214746e+01
7.141789071427523083e+01
7.508305405413753419e+01
7.268332241921056891e+01
7.607618404373553744e+01
7.320930219675258854e+01
7.467148397432835338e+01
7.840926115904775884e+01
7.368832887648724750e+01
7.494037691877456098e+01
7.462468466970513248e+01
7.186898911800516032e+01
7.271410448591903730e+01
7.304358464461957112e+01
7.397094522193188482e+01
7.290454459407193610e+01
7.520493788539620539e+01
7.120479634302118654e+01
7.524238373470527108e+01
7.258513158114639907e+01
