6.858442012772637320e+00
6.858442012772637320e+00
4.569944644157756386e+01
6.807527154860449059e+01
7.650071587326503675e+01
8.032737369366482483e+01
8.007819040492003637e+01
7.140414290147371901e+01
7.575765713874355356e+01
7.225641832912798179e+01
7.342337471984693309e+01
7.833013282084436923e+01
7.688154287250169716e+01
7.506157480016402417e+01
7.783648159668393873e+01
7.432917511070021988e+01
7.532272417216981353e+01
7.669555749799501143e+01
6.962526559221430489e+01
7.042554189369806750e+01
8.103429317646273944e+01
8.230946926101539418e+01
7.636499495958715045e+01
7.173248360600487672e+01
7.256409619320507431e+01
7.645584840989886288e+01
8.105375474591123464e+01
7.212731638603105466e+01
8.149715328180009521e+01
7.837789386353615839e+01
7.762272061373747079e+01
8.051986471529917821e+01
7.782782354020284288e+01
8.289028681822027522e+01
8.160599799139079380e+01
8.350826270653946892e+01
8.086696299860605563e+01
7.755654856150871979e+01
8.361031116984102596e+01
8.270684361869125212e+01
8.157161862212210224e+01
8.335985892974461819e+01
8.030914295243788104e+01
8.155678065001121979e+01
8.187728931433966295e+01
7.975558504140279581e+01
7.430415268581889165e+01
8.309544712502936648e+01
7.621697214076054649e+01
8.049840565002648418e+01
8.184662847974630040e+01
7.613559571116510938e+01
