2.296779273942391730e-01
2.296779273942391730e-01
9.244277408026892573e+00
1.578037005833299489e+01
2.152389188525529917e+01
2.440958668082935645e+01
2.797483897749010495e+01
3.101451078632660341e+01
3.241138781974624550e+01
3.517608661490962163e+01
3.575831996940800650e+01
3.563470479038777938e+01
4.716349618907261032e+01
5.077920318696353519e+01
5.273329302447239542e+01
5.487984224605477124e+01
5.420412722682225848e+01
5.678998920139376594e+01
5.797419745882703523e+01
5.875716206842825073e+01
6.146476590972051923e+01
6.370906423815016950e+01
3.698496775799528535e+01
3.813778050027996613e+01
3.815059506009495038e+01
3.884402355604938606e+01
3.905318636732591386e+01
4.055049387189841070e+01
4.242131261434283118e+01
4.144793590891244861e+01
4.240454656361856678e+01
4.444593804781945323e+01
6.068665169662615000e+01
6.222689606959920638e+01
6.242414181073646517e+01
6.415029872355755458e+01
6.599503453291418964e+01
6.482137588007174145e+01
6.693603566885076361e+01
7.014487164852030787e+01
7.015936009252567374e+01
7.073934471707684679e+01
5.163817627502385221e+01
5.336719859837223368e+01
5.355778328881319084e+01
5.309979368439411473e+01
5.425945608588549618e+01
5.451054284619037560e+01
5.353468758295434071e+01
5.500419230486086519e+01
5.420780191961161876e+01
5.426178459996916104e+01
4.277029634418504145e+01
4.212125111519861775e+01
4.253969763572974472e+01
4.281353313702632590e+01
4.344008025949469953e+01
4.401663440264915295e+01
4.402204151190721859e+01
4.528107881217087538e+01
4.517026395157274266e+01
4.459256634853117163e+01
