1.549880029082975241e+01
1.549880029082975241e+01
6.370721080805577685e+01
7.322788729325159807e+01
7.042501864664158973e+01
7.229018464607983674e+01
7.446513778930815874e+01
7.333252213173939538e+01
7.442617978881862939e+01
7.191424869560219690e+01
7.461296720357992740e+01
7.061818502699725286e+01
7.464502468041712291e+01
7.640394109070436457e+01
7.330504573361844223e+01
7.571263997032448856e+01
7.711059406459202137e+01
6.885780861098621131e+01
7.149961233505106861e+01
7.603253271177382544e+01
7.374045547344285012e+01
7.552276355293517440e+01
7.552244271909482620e+01
7.274349844103176110e+01
7.463315346900385805e+01
8.173264267775218173e+01
7.372659766807333881e+01
7.414971160695533570e+01
7.486118444127352234e+01
7.912134540495605961e+01
7.760418709029298157e+01
7.786479586481868864e+01
7.576938406882041477e+01
7.619884456243538295e+01
7.685734537825685209e+01
8.195943995793990666e+01
7.729166030472332238e+01
7.949218858984109204e+01
7.924404340036804228e+01
7.860662117604398702e+01
7.710573653396639315e+01
7.349830700068530120e+01
7.644632222908286678e+01
7.684004215256776149e+01
8.240593015870436489e+01
7.572952520803819709e+01
7.712623615182522485e+01
7.971041997196577711e+01
7.789055665852956167e+01
7.565624036949557762e+01
8.392782661490528540e+01
7.397548319387142612e+01
