1.437489673432787329e+00
1.437489673432787329e+00
2.361683651435338405e+01
3.926967241963741628e+01
5.287793285894632334e+01
5.606490703736269410e+01
6.049314095696627192e+01
5.821343320517178199e+01
6.114649754934289660e+01
6.341351837087508159e+01
6.079075182387074250e+01
6.644796756280538830e+01
6.768364779025993982e+01
7.252975904719230016e+01
6.864465072632015108e+01
7.454860178470060816e+01
7.379563336203753465e+01
6.799789256421040307e+01
7.559596670497489868e+01
7.365888936102757611e+01
7.119876985335125141e+01
7.235163103392963535e+01
7.233011316561645287e+01
7.570920880317282808e+01
7.164682821498959697e+01
7.389392789225613001e+01
7.256926118332017950e+01
7.373592110787016907e+01
6.986334826642953999e+01
7.189404730438548086e+01
7.347407188060716976e+01
7.343982884362654318e+01
7.120301524022730177e+01
7.411717918952351170e+01
7.256520821739147209e+01
6.963436598254880039e+01
7.275255241374649984e+01
7.252693228307089157e+01
7.073741755693282585e+01
7.367718858255746284e+01
6.801919274806785154e+01
7.312060196962383429e+01
7.290406063791655811e+01
7.234107503722282217e+01
7.124577257672788733e+01
7.060281670492740602e+01
7.632924972809300357e+01
7.517623984332810494e+01
6.807110135672084539e+01
7.190698457044290137e+01
7.460040466541279613e+01
7.423795251872930123e+01
