-5.670296823595289970e-01
-5.670296823595289970e-01
1.018226341062374374e+01
2.613958094005514710e+01
3.570821940311704168e+01
4.600078363064928766e+01
5.281173270596086411e+01
4.783709512605403091e+01
5.241210080027000373e+01
6.064676295059108213e+01
6.196762109546570230e+01
6.897982938196722102e+01
6.891523310401939284e+01
7.358114506794495924e+01
7.786465600007718990e+01
7.876928534497292844e+01
8.094796764748642204e+01
8.352935175929974321e+01
7.574412070987364132e+01
7.495673647670234629e+01
7.322432049167046841e+01
7.576143161977793739e+01
7.810482392916318872e+01
7.635964647212176715e+01
7.820402197039135217e+01
7.443476542041256039e+01
7.306947429463151877e+01
7.296659558601996309e+01
7.455837532532986245e+01
7.856453291401494710e+01
7.477783461528686360e+01
7.718811266425009876e+01
7.406778722470784260e+01
7.759666166314414681e+01
7.940786615157597339e+01
7.870483214812767869e+01
7.770027291428827709e+01
7.250465583121926727e+01
7.810430855089552438e+01
7.518161515295128083e+01
7.602882753324658438e+01
7.314078461416075072e+01
7.538025762349118963e+01
7.469454642735838945e+01
7.573474807783300378e+01
7.356562141698393020e+01
7.626456781800251861e+01
7.384548441013852482e+01
7.559208872565196202e+01
7.642183412468406800e+01
7.834166287015641217e+01
7.542118565428083343e+01
