5.248745619685966979e+00
5.248745619685966979e+00
2.124938661426556763e+01
2.498264843252480816e+01
3.137856419143747999e+01
3.214446385231460113e+01
3.471203594291322503e+01
3.783303874172751335e+01
4.107069035798012635e+01
4.254814428608455046e+01
4.207128382654297383e+01
4.381094300523223950e+01
4.415043299977961055e+01
4.514211685304798038e+01
4.722132024388542249e+01
4.914253180223999351e+01
4.835147271238120936e+01
5.061376629531569193e+01
4.956941695332660913e+01
4.831104058162213022e+01
5.040584397433936914e+01
5.078026349753030644e+01
5.046834189173145546e+01
5.220179325743522014e+01
5.055358245183855814e+01
5.200711857414103889e+01
5.044893848453030216e+01
5.168265013528467477e+01
5.092579216280009291e+01
5.037990811208997854e+01
5.151462252066087188e+01
5.159177019549964882e+01
5.102582297378111775e+01
5.105212043455387771e+01
5.127294862592474800e+01
5.214263776324338551e+01
5.155523927669468520e+01
5.140072516858494112e+01
5.233233322622205463e+01
5.205389995744156550e+01
5.179442279607093980e+01
5.264616084812018215e+01
5.292886617935005944e+01
4.582539321979145086e+01
4.428320391612699325e+01
4.525617052375334737e+01
4.456735599142484716e+01
4.556317704335213392e+01
4.372318449611653080e+01
4.588737589647121951e+01
4.385278395683297958e+01
4.371053777474067914e+01
4.456806857258803234e+01
4.435751694477767160e+01
4.417526110814405627e+01
4.302457331615052993e+01
4.278985988740178925e+01
4.416967215193508167e+01
4.208779049243492665e+01
4.422020039860986884e+01
4.340310950814616575e+01
4.390467170221956650e+01
