-3.449849813844215962e+00
-3.449849813844215962e+00
6.923114406590886283e+00
1.877740855079759186e+01
2.310038182482190194e+01
2.320510348862963568e+01
2.519508358535900783e+01
2.765362192538909270e+01
2.733096881545649381e+01
2.707022203585328768e+01
2.893699397987223776e+01
3.072595314850497772e+01
3.147963120456206099e+01
3.115555766865301024e+01
3.181272022283009093e+01
3.237805758780289977e+01
3.239000768984757173e+01
3.080701983231553953e+01
3.143993458351261694e+01
3.261738621258417936e+01
3.162067213237360264e+01
3.496798526132585039e+01
4.373498029985070445e+01
4.749112737279929064e+01
4.743467265922206622e+01
4.652865000099858861e+01
4.753956630705979336e+01
4.664563715665428845e+01
4.664851658913141819e+01
4.726491597418586110e+01
4.796503258722241014e+01
4.691686794270186311e+01
4.727661590203511111e+01
4.681802112842434127e+01
4.724032470816033680e+01
4.758158085901352052e+01
4.840506318056461055e+01
4.675425198427738138e+01
4.702860012502630127e+01
4.758054573956556510e+01
4.698520187467189402e+01
4.758777435830902647e+01
4.752804144656317931e+01
4.264808904918493226e+01
4.309633063188204716e+01
4.256028941653819686e+01
4.209978035791946382e+01
4.267774953591594311e+01
4.292511425185772822e+01
4.263103420635578544e+01
4.255613408406259879e+01
4.291481059310056878e+01
4.268158658756455992e+01
4.220016091983555384e+01
4.311438942458649848e+01
4.230153755291058815e+01
4.315735698784197893e+01
4.303261860349736168e+01
4.302942848036916246e+01
4.238404677630692419e+01
4.304413268673503978e+01
4.339190821157819755e+01
