4.996329610653890363e+00
4.996329610653890363e+00
4.082290532344073597e+01
7.114327980897826365e+01
7.530364832086554827e+01
7.481458467194197226e+01
7.374969942197122919e+01
7.490031427244501572e+01
8.078401085047792662e+01
8.282473268490424800e+01
7.834802423525323434e+01
7.565437825405300032e+01
7.951557873341535299e+01
8.354109333314059427e+01
7.870401356782622315e+01
7.435555004204923080e+01
8.038930717254918079e+01
7.648617833452904335e+01
7.764243395637285516e+01
8.588369436950888769e+01
8.381975487977015860e+01
8.312725356863177240e+01
7.720765238523237883e+01
8.306219782330273915e+01
8.666517966262249217e+01
7.887343939230822798e+01
8.460140050296664072e+01
8.138030532907312420e+01
7.970690013615148928e+01
8.587276018575391845e+01
8.444416035790693797e+01
8.395685519393478558e+01
7.980058361892449170e+01
7.872379444539070903e+01
7.977391286650643565e+01
7.710553309636506469e+01
8.254927764487467812e+01
7.506426570208193993e+01
7.508950409425162320e+01
8.232340312078466127e+01
8.087667589073910790e+01
8.433118214722905748e+01
8.505573731139843119e+01
8.180572469459424667e+01
7.726028828495047662e+01
8.744473646359274710e+01
8.099067976753401865e+01
8.057626995066830489e+01
8.249320634594536727e+01
7.462517606910212464e+01
7.499460183200933727e+01
7.944767373218351736e+01
