-2.031510407147789077e-01
-2.031510407147789077e-01
5.630167283097537556e+00
9.933311805257751814e+00
1.558902369982997094e+01
2.521806832715314783e+01
3.215259302448320966e+01
3.837195513366465605e+01
3.991218103093746095e+01
4.040484102298857749e+01
4.418821358956131462e+01
4.218423516274408769e+01
4.759025245211360300e+01
4.419917094935073720e+01
4.342016773792723683e+01
4.564683914983259427e+01
4.792581809888793742e+01
4.390946830637301446e+01
4.858975601631716756e+01
4.677749796356941658e+01
4.882945497300424620e+01
4.924867379669908019e+01
4.873635872878531927e+01
5.227428630638407725e+01
4.998106140116700402e+01
4.966920646898599045e+01
4.922482889989773724e+01
4.817939265918569447e+01
5.137122320658297525e+01
5.029890193945849575e+01
5.056159806384430055e+01
5.109155970407039149e+01
5.045969967441553905e+01
4.940442060888128140e+01
4.732596688463755896e+01
4.893439205118494328e+01
5.099480032751294090e+01
4.943206611541246787e+01
5.365521132628090584e+01
4.695638113230654653e+01
5.092749101748729146e+01
4.916361063340439586e+01
5.091025200204983037e+01
5.294233174125911034e+01
5.449584286446516046e+01
5.404288902619769175e+01
5.402606643976450584e+01
5.383710981816343377e+01
4.908738961432508319e+01
5.454951123577777850e+01
5.483531484122499933e+01
5.397533225051421368e+01
5.962629053546659463e+01
5.721014736559190084e+01
5.969427919479189626e+01
6.179925029689915306e+01
6.401086530555537024e+01
6.237154564594942485e+01
5.534933177595939924e+01
6.143709910529035056e+01
5.644079986811042460e+01
5.774434659450623997e+01
5.629937121900793784e+01
6.075381591319351315e+01
5.894777054742471734e+01
5.850197713777158981e+01
5.913207556748420757e+01
6.048079082612362356e+01
6.068717464242106274e+01
6.413428739691792657e+01
6.597945859185458062e+01
6.758088972789202842e+01
6.713192910460463736e+01
6.721776184502502360e+01
6.623325634928525574e+01
6.417878189787457188e+01
6.439721334537640018e+01
6.824190559925519040e+01
6.651291617070678797e+01
6.754828566520481559e+01
6.968248472909363045e+01
7.182460459420985899e+01
6.898663298760151008e+01
7.275743442738955480e+01
6.711353889492340841e+01
6.277006764624330515e+01
6.683108011800872816e+01
6.939863889159640564e+01
6.533968625789887597e+01
6.828629293821924762e+01
6.815340270964199476e+01
6.527599179700442278e+01
6.272486070130439373e+01
6.681312265010343765e+01
6.818698682460247085e+01
6.316748096643037513e+01
6.267870214908005266e+01
6.631154821378902398e+01
6.773921721818626906e+01
6.750718621033892930e+01
6.277663987238970833e+01
6.157473934162246820e+01
