4.425726942643852801e+00
1.943192592014457887e+01
2.887296443476386543e+01
3.249466521807319452e+01
3.443478353501741651e+01
3.748798322234672753e+01
3.650707595037335551e+01
3.820050498212766854e+01
4.117856849967978405e+01
4.271051309582070132e+01
4.364323210378863394e+01
4.485906676920961900e+01
4.525409710813649866e+01
4.632968282220701894e+01
4.435229087080451649e+01
4.663052810281688210e+01
4.683478412464202023e+01
4.908030278626524989e+01
4.950997302546139878e+01
4.866680506120432170e+01
4.896724993809715443e+01
5.015634355401535771e+01
5.013505671424111654e+01
4.998239898533173431e+01
5.152429385856281385e+01
5.134637867815903434e+01
5.260122613399853719e+01
5.099127893236097009e+01
5.168246378980478539e+01
5.299312864797620648e+01
5.255337598903220453e+01
5.144092592277588949e+01
5.091209195251833819e+01
5.223625524180031476e+01
5.189000327159400427e+01
5.004836101167128959e+01
5.154238184530110090e+01
5.151543926561974729e+01
5.036962551048742398e+01
5.111209338028426430e+01
5.099420260326967025e+01
5.096563590724039017e+01
5.057178720337608979e+01
5.161552680464162535e+01
4.979261710971024968e+01
5.158372267786917575e+01
5.200075247765710174e+01
5.192829052149375002e+01
5.314266045106464986e+01
5.376838256624075996e+01
5.332133200137464257e+01
5.360788370985765283e+01
5.450827558768937564e+01
5.261255553500429016e+01
5.333032608558683307e+01
5.440233280911402147e+01
5.333364254718130582e+01
5.498066072608169463e+01
5.414724088979203032e+01
5.414326636547000504e+01
5.384934870110375726e+01
5.454516976217100677e+01
5.345896780033704943e+01
5.363459948917778775e+01
5.522049521101935454e+01
5.534768414940767656e+01
5.422525213278247236e+01
5.515893927678141750e+01
5.552757169876834098e+01
5.533013780807348070e+01
5.405054277849667699e+01
5.425712462410287884e+01
5.472097682060577739e+01
5.563279404608154266e+01
5.560474084431520936e+01
5.449140141644230795e+01
5.557098455886119837e+01
4.874689263620604862e+01
4.867848299126364964e+01
4.774171713624239288e+01
4.766265498559774727e+01
4.871028836118760097e+01
