2.615533515993121227e+00
2.615533515993121227e+00
1.119864964439754118e+01
1.966634573271789321e+01
2.509706608749851142e+01
2.812149636547927400e+01
2.985818221712760945e+01
3.100847606400892786e+01
3.209913155300564824e+01
3.205703530870263762e+01
3.300367901762560052e+01
3.347808134302311345e+01
4.782080539286042864e+01
4.896981593492611040e+01
5.052761195584729847e+01
5.406415977406362572e+01
5.662382371640225642e+01
5.806562167759313553e+01
5.901595815636979836e+01
5.941005723508129677e+01
6.048375278972469715e+01
6.001806699247377708e+01
2.707973295036148187e+01
3.176116830060153617e+01
3.466970162698150659e+01
3.454047604239749347e+01
3.717755222009277816e+01
3.780434412855280613e+01
3.915268466002198267e+01
3.889931553628144201e+01
4.049226956292378787e+01
4.210795869721765428e+01
5.695066456520908105e+01
5.961204748626798988e+01
6.236766875309155012e+01
6.382648495379302744e+01
6.478573141229210819e+01
6.524847379580093332e+01
6.627378692050055520e+01
6.789702990975213481e+01
6.797421776208048527e+01
6.962934981069452078e+01
5.075527215038976436e+01
5.074348567044285829e+01
5.152852310018801063e+01
5.256834213002979794e+01
5.327308378156571678e+01
5.375632501987585954e+01
5.300231710795807771e+01
5.351855506026682718e+01
5.401761947883895232e+01
5.421395793261191187e+01
3.739601016863819893e+01
3.722221249975189750e+01
3.797139070369229330e+01
3.814210491661949476e+01
3.952705752108305859e+01
4.007853950401382548e+01
4.007072729335649086e+01
4.049042340108984206e+01
3.957831354060367346e+01
3.968496513707687257e+01
